# wave trans
10800.85259207 0.00005000
10850.85662864 0.00019000
10900.86066521 0.00072000
10950.86470179 0.00242000
11000.86873836 0.00711000
11050.87277493 0.01834000
11100.87681150 0.04168000
11150.88084807 0.08392000
11200.88488465 0.15025000
11250.88892122 0.24064000
11300.89295779 0.34788000
11350.89699436 0.45818000
11400.90103093 0.55680000
11450.90506751 0.63327000
11500.90910408 0.68525000
11550.91314065 0.71562000
11600.91717722 0.73125000
11650.92121380 0.73870000
11700.92525037 0.74168000
11750.92928694 0.74331000
11800.93332351 0.74437000
11850.93736008 0.74482000
11900.94139666 0.74570000
11950.94543323 0.74658000
12000.94946980 0.74698000
12050.95350637 0.74748000
12100.95754294 0.74844000
12150.96157952 0.74943000
12200.96561609 0.74996000
12250.96965266 0.75081000
12300.97368923 0.75172000
12350.97772580 0.75233000
12400.98176238 0.75286000
12450.98579895 0.75353000
12500.98983552 0.75361000
12550.99387209 0.75390000
12600.99790866 0.75398000
12651.00194524 0.75382000
12701.00598181 0.75358000
12751.01001838 0.75350000
12801.01405495 0.75339000
12851.01809152 0.75289000
12901.02212810 0.75286000
12951.02616467 0.75270000
13001.03020124 0.75262000
13051.03423781 0.75294000
13101.03827438 0.75291000
13151.04231096 0.75337000
13201.04634753 0.75387000
13251.05038410 0.75401000
13301.05442067 0.75467000
13351.05845724 0.75536000
13401.06249382 0.75566000
13451.06653039 0.75637000
13501.07056696 0.75720000
13551.07460353 0.75771000
13601.07864011 0.75866000
13651.08267668 0.75928000
13701.08671325 0.76026000
13751.09074982 0.76130000
13801.09478639 0.76186000
13851.09882297 0.76295000
13901.10285954 0.76359000
13951.10689611 0.76383000
14001.11093268 0.76372000
14051.11496925 0.76260000
14101.11900583 0.76013000
14151.12304240 0.75523000
14201.12707897 0.74631000
14251.13111554 0.73064000
14301.13515211 0.70410000
14351.13918869 0.66407000
14401.14322526 0.60804000
14451.14726183 0.53655000
14501.15129840 0.45358000
14551.15533497 0.36476000
14601.15937155 0.27732000
14651.16340812 0.19838000
14701.16744469 0.13298000
14751.17148126 0.08328000
14801.17551783 0.04852000
14851.17955441 0.02630000
14901.18359098 0.01320000
14951.18762755 0.00615000
15001.19166412 0.00264000
15051.19570069 0.00104000
15101.19973727 0.00037000
15151.20377384 0.00013000
15201.20781041 0.00005000
