# wave trans
10787.42703308 0.00005000
10837.36750617 0.00019000
10887.30797926 0.00072000
10937.24845235 0.00242000
10987.18892544 0.00711000
11037.12939853 0.01834000
11087.06987162 0.04168000
11137.01034471 0.08392000
11186.95081780 0.15025000
11236.89129089 0.24064000
11286.83176398 0.34788000
11336.77223708 0.45818000
11386.71271017 0.55680000
11436.65318326 0.63327000
11486.59365635 0.68525000
11536.53412944 0.71562000
11586.47460253 0.73125000
11636.41507562 0.73870000
11686.35554871 0.74168000
11736.29602180 0.74331000
11786.23649489 0.74437000
11836.17696798 0.74482000
11886.11744107 0.74570000
11936.05791416 0.74658000
11985.99838725 0.74698000
12035.93886034 0.74748000
12085.87933343 0.74844000
12135.81980653 0.74943000
12185.76027962 0.74996000
12235.70075271 0.75081000
12285.64122580 0.75172000
12335.58169889 0.75233000
12385.52217198 0.75286000
12435.46264507 0.75353000
12485.40311816 0.75361000
12535.34359125 0.75390000
12585.28406434 0.75398000
12635.22453743 0.75382000
12685.16501052 0.75358000
12735.10548361 0.75350000
12785.04595670 0.75339000
12834.98642979 0.75289000
12884.92690288 0.75286000
12934.86737597 0.75270000
12984.80784907 0.75262000
13034.74832216 0.75294000
13084.68879525 0.75291000
13134.62926834 0.75337000
13184.56974143 0.75387000
13234.51021452 0.75401000
13284.45068761 0.75467000
13334.39116070 0.75536000
13384.33163379 0.75566000
13434.27210688 0.75637000
13484.21257997 0.75720000
13534.15305306 0.75771000
13584.09352615 0.75866000
13634.03399924 0.75928000
13683.97447233 0.76026000
13733.91494542 0.76130000
13783.85541851 0.76186000
13833.79589161 0.76295000
13883.73636470 0.76359000
13933.67683779 0.76383000
13983.61731088 0.76372000
14033.55778397 0.76260000
14083.49825706 0.76013000
14133.43873015 0.75523000
14183.37920324 0.74631000
14233.31967633 0.73064000
14283.26014942 0.70410000
14333.20062251 0.66407000
14383.14109560 0.60804000
14433.08156869 0.53655000
14483.02204178 0.45358000
14532.96251487 0.36476000
14582.90298796 0.27732000
14632.84346105 0.19838000
14682.78393415 0.13298000
14732.72440724 0.08328000
14782.66488033 0.04852000
14832.60535342 0.02630000
14882.54582651 0.01320000
14932.48629960 0.00615000
14982.42677269 0.00264000
15032.36724578 0.00104000
15082.30771887 0.00037000
15132.24819196 0.00013000
15182.18866505 0.00005000
