# wave trans
10767.57926933 0.00005000
10817.42577091 0.00019000
10867.27227248 0.00072000
10917.11877406 0.00242000
10966.96527564 0.00711000
11016.81177721 0.01834000
11066.65827879 0.04168000
11116.50478036 0.08392000
11166.35128194 0.15025000
11216.19778352 0.24064000
11266.04428509 0.34788000
11315.89078667 0.45818000
11365.73728824 0.55680000
11415.58378982 0.63327000
11465.43029140 0.68525000
11515.27679297 0.71562000
11565.12329455 0.73125000
11614.96979612 0.73870000
11664.81629770 0.74168000
11714.66279928 0.74331000
11764.50930085 0.74437000
11814.35580243 0.74482000
11864.20230400 0.74570000
11914.04880558 0.74658000
11963.89530716 0.74698000
12013.74180873 0.74748000
12063.58831031 0.74844000
12113.43481189 0.74943000
12163.28131346 0.74996000
12213.12781504 0.75081000
12262.97431661 0.75172000
12312.82081819 0.75233000
12362.66731977 0.75286000
12412.51382134 0.75353000
12462.36032292 0.75361000
12512.20682449 0.75390000
12562.05332607 0.75398000
12611.89982765 0.75382000
12661.74632922 0.75358000
12711.59283080 0.75350000
12761.43933237 0.75339000
12811.28583395 0.75289000
12861.13233553 0.75286000
12910.97883710 0.75270000
12960.82533868 0.75262000
13010.67184025 0.75294000
13060.51834183 0.75291000
13110.36484341 0.75337000
13160.21134498 0.75387000
13210.05784656 0.75401000
13259.90434814 0.75467000
13309.75084971 0.75536000
13359.59735129 0.75566000
13409.44385286 0.75637000
13459.29035444 0.75720000
13509.13685602 0.75771000
13558.98335759 0.75866000
13608.82985917 0.75928000
13658.67636074 0.76026000
13708.52286232 0.76130000
13758.36936390 0.76186000
13808.21586547 0.76295000
13858.06236705 0.76359000
13907.90886862 0.76383000
13957.75537020 0.76372000
14007.60187178 0.76260000
14057.44837335 0.76013000
14107.29487493 0.75523000
14157.14137650 0.74631000
14206.98787808 0.73064000
14256.83437966 0.70410000
14306.68088123 0.66407000
14356.52738281 0.60804000
14406.37388438 0.53655000
14456.22038596 0.45358000
14506.06688754 0.36476000
14555.91338911 0.27732000
14605.75989069 0.19838000
14655.60639227 0.13298000
14705.45289384 0.08328000
14755.29939542 0.04852000
14805.14589699 0.02630000
14854.99239857 0.01320000
14904.83890015 0.00615000
14954.68540172 0.00264000
15004.53190330 0.00104000
15054.37840487 0.00037000
15104.22490645 0.00013000
15154.07140803 0.00005000
