# wave trans
10782.60049368 0.00005000
10832.51811520 0.00019000
10882.43573671 0.00072000
10932.35335823 0.00242000
10982.27097975 0.00711000
11032.18860126 0.01834000
11082.10622278 0.04168000
11132.02384429 0.08392000
11181.94146581 0.15025000
11231.85908732 0.24064000
11281.77670884 0.34788000
11331.69433036 0.45818000
11381.61195187 0.55680000
11431.52957339 0.63327000
11481.44719490 0.68525000
11531.36481642 0.71562000
11581.28243794 0.73125000
11631.20005945 0.73870000
11681.11768097 0.74168000
11731.03530248 0.74331000
11780.95292400 0.74437000
11830.87054551 0.74482000
11880.78816703 0.74570000
11930.70578855 0.74658000
11980.62341006 0.74698000
12030.54103158 0.74748000
12080.45865309 0.74844000
12130.37627461 0.74943000
12180.29389613 0.74996000
12230.21151764 0.75081000
12280.12913916 0.75172000
12330.04676067 0.75233000
12379.96438219 0.75286000
12429.88200371 0.75353000
12479.79962522 0.75361000
12529.71724674 0.75390000
12579.63486825 0.75398000
12629.55248977 0.75382000
12679.47011128 0.75358000
12729.38773280 0.75350000
12779.30535432 0.75339000
12829.22297583 0.75289000
12879.14059735 0.75286000
12929.05821886 0.75270000
12978.97584038 0.75262000
13028.89346190 0.75294000
13078.81108341 0.75291000
13128.72870493 0.75337000
13178.64632644 0.75387000
13228.56394796 0.75401000
13278.48156947 0.75467000
13328.39919099 0.75536000
13378.31681251 0.75566000
13428.23443402 0.75637000
13478.15205554 0.75720000
13528.06967705 0.75771000
13577.98729857 0.75866000
13627.90492009 0.75928000
13677.82254160 0.76026000
13727.74016312 0.76130000
13777.65778463 0.76186000
13827.57540615 0.76295000
13877.49302766 0.76359000
13927.41064918 0.76383000
13977.32827070 0.76372000
14027.24589221 0.76260000
14077.16351373 0.76013000
14127.08113524 0.75523000
14176.99875676 0.74631000
14226.91637828 0.73064000
14276.83399979 0.70410000
14326.75162131 0.66407000
14376.66924282 0.60804000
14426.58686434 0.53655000
14476.50448585 0.45358000
14526.42210737 0.36476000
14576.33972889 0.27732000
14626.25735040 0.19838000
14676.17497192 0.13298000
14726.09259343 0.08328000
14776.01021495 0.04852000
14825.92783647 0.02630000
14875.84545798 0.01320000
14925.76307950 0.00615000
14975.68070101 0.00264000
15025.59832253 0.00104000
15075.51594405 0.00037000
15125.43356556 0.00013000
15175.35118708 0.00005000
