# wave trans
10805.94223706 0.00005000
10855.97037029 0.00019000
10905.99850353 0.00072000
10956.02663676 0.00242000
11006.05477000 0.00711000
11056.08290323 0.01834000
11106.11103647 0.04168000
11156.13916970 0.08392000
11206.16730293 0.15025000
11256.19543617 0.24064000
11306.22356940 0.34788000
11356.25170264 0.45818000
11406.27983587 0.55680000
11456.30796911 0.63327000
11506.33610234 0.68525000
11556.36423558 0.71562000
11606.39236881 0.73125000
11656.42050204 0.73870000
11706.44863528 0.74168000
11756.47676851 0.74331000
11806.50490175 0.74437000
11856.53303498 0.74482000
11906.56116822 0.74570000
11956.58930145 0.74658000
12006.61743469 0.74698000
12056.64556792 0.74748000
12106.67370115 0.74844000
12156.70183439 0.74943000
12206.72996762 0.74996000
12256.75810086 0.75081000
12306.78623409 0.75172000
12356.81436733 0.75233000
12406.84250056 0.75286000
12456.87063380 0.75353000
12506.89876703 0.75361000
12556.92690026 0.75390000
12606.95503350 0.75398000
12656.98316673 0.75382000
12707.01129997 0.75358000
12757.03943320 0.75350000
12807.06756644 0.75339000
12857.09569967 0.75289000
12907.12383291 0.75286000
12957.15196614 0.75270000
13007.18009937 0.75262000
13057.20823261 0.75294000
13107.23636584 0.75291000
13157.26449908 0.75337000
13207.29263231 0.75387000
13257.32076555 0.75401000
13307.34889878 0.75467000
13357.37703202 0.75536000
13407.40516525 0.75566000
13457.43329848 0.75637000
13507.46143172 0.75720000
13557.48956495 0.75771000
13607.51769819 0.75866000
13657.54583142 0.75928000
13707.57396466 0.76026000
13757.60209789 0.76130000
13807.63023112 0.76186000
13857.65836436 0.76295000
13907.68649759 0.76359000
13957.71463083 0.76383000
14007.74276406 0.76372000
14057.77089730 0.76260000
14107.79903053 0.76013000
14157.82716377 0.75523000
14207.85529700 0.74631000
14257.88343023 0.73064000
14307.91156347 0.70410000
14357.93969670 0.66407000
14407.96782994 0.60804000
14457.99596317 0.53655000
14508.02409641 0.45358000
14558.05222964 0.36476000
14608.08036288 0.27732000
14658.10849611 0.19838000
14708.13662934 0.13298000
14758.16476258 0.08328000
14808.19289581 0.04852000
14858.22102905 0.02630000
14908.24916228 0.01320000
14958.27729552 0.00615000
15008.30542875 0.00264000
15058.33356199 0.00104000
15108.36169522 0.00037000
15158.38982845 0.00013000
15208.41796169 0.00005000
