# wave trans
10739.41255208 0.00005000
10789.12569025 0.00019000
10838.83882843 0.00072000
10888.55196660 0.00242000
10938.26510477 0.00711000
10987.97824295 0.01834000
11037.69138112 0.04168000
11087.40451929 0.08392000
11137.11765747 0.15025000
11186.83079564 0.24064000
11236.54393381 0.34788000
11286.25707199 0.45818000
11335.97021016 0.55680000
11385.68334833 0.63327000
11435.39648651 0.68525000
11485.10962468 0.71562000
11534.82276285 0.73125000
11584.53590103 0.73870000
11634.24903920 0.74168000
11683.96217737 0.74331000
11733.67531555 0.74437000
11783.38845372 0.74482000
11833.10159189 0.74570000
11882.81473007 0.74658000
11932.52786824 0.74698000
11982.24100641 0.74748000
12031.95414459 0.74844000
12081.66728276 0.74943000
12131.38042093 0.74996000
12181.09355911 0.75081000
12230.80669728 0.75172000
12280.51983545 0.75233000
12330.23297363 0.75286000
12379.94611180 0.75353000
12429.65924997 0.75361000
12479.37238815 0.75390000
12529.08552632 0.75398000
12578.79866449 0.75382000
12628.51180267 0.75358000
12678.22494084 0.75350000
12727.93807901 0.75339000
12777.65121719 0.75289000
12827.36435536 0.75286000
12877.07749353 0.75270000
12926.79063171 0.75262000
12976.50376988 0.75294000
13026.21690805 0.75291000
13075.93004623 0.75337000
13125.64318440 0.75387000
13175.35632257 0.75401000
13225.06946075 0.75467000
13274.78259892 0.75536000
13324.49573709 0.75566000
13374.20887527 0.75637000
13423.92201344 0.75720000
13473.63515161 0.75771000
13523.34828979 0.75866000
13573.06142796 0.75928000
13622.77456613 0.76026000
13672.48770431 0.76130000
13722.20084248 0.76186000
13771.91398065 0.76295000
13821.62711883 0.76359000
13871.34025700 0.76383000
13921.05339517 0.76372000
13970.76653335 0.76260000
14020.47967152 0.76013000
14070.19280969 0.75523000
14119.90594787 0.74631000
14169.61908604 0.73064000
14219.33222421 0.70410000
14269.04536239 0.66407000
14318.75850056 0.60804000
14368.47163873 0.53655000
14418.18477691 0.45358000
14467.89791508 0.36476000
14517.61105325 0.27732000
14567.32419143 0.19838000
14617.03732960 0.13298000
14666.75046777 0.08328000
14716.46360595 0.04852000
14766.17674412 0.02630000
14815.88988229 0.01320000
14865.60302047 0.00615000
14915.31615864 0.00264000
14965.02929681 0.00104000
15014.74243499 0.00037000
15064.45557316 0.00013000
15114.16871133 0.00005000
