# wave trans
10778.47960959 0.00005000
10828.37772043 0.00019000
10878.27583127 0.00072000
10928.17394211 0.00242000
10978.07205295 0.00711000
11027.97016379 0.01834000
11077.86827463 0.04168000
11127.76638546 0.08392000
11177.66449630 0.15025000
11227.56260714 0.24064000
11277.46071798 0.34788000
11327.35882882 0.45818000
11377.25693966 0.55680000
11427.15505050 0.63327000
11477.05316134 0.68525000
11526.95127218 0.71562000
11576.84938302 0.73125000
11626.74749386 0.73870000
11676.64560470 0.74168000
11726.54371554 0.74331000
11776.44182638 0.74437000
11826.33993722 0.74482000
11876.23804805 0.74570000
11926.13615889 0.74658000
11976.03426973 0.74698000
12025.93238057 0.74748000
12075.83049141 0.74844000
12125.72860225 0.74943000
12175.62671309 0.74996000
12225.52482393 0.75081000
12275.42293477 0.75172000
12325.32104561 0.75233000
12375.21915645 0.75286000
12425.11726729 0.75353000
12475.01537813 0.75361000
12524.91348897 0.75390000
12574.81159981 0.75398000
12624.70971064 0.75382000
12674.60782148 0.75358000
12724.50593232 0.75350000
12774.40404316 0.75339000
12824.30215400 0.75289000
12874.20026484 0.75286000
12924.09837568 0.75270000
12973.99648652 0.75262000
13023.89459736 0.75294000
13073.79270820 0.75291000
13123.69081904 0.75337000
13173.58892988 0.75387000
13223.48704072 0.75401000
13273.38515156 0.75467000
13323.28326240 0.75536000
13373.18137323 0.75566000
13423.07948407 0.75637000
13472.97759491 0.75720000
13522.87570575 0.75771000
13572.77381659 0.75866000
13622.67192743 0.75928000
13672.57003827 0.76026000
13722.46814911 0.76130000
13772.36625995 0.76186000
13822.26437079 0.76295000
13872.16248163 0.76359000
13922.06059247 0.76383000
13971.95870331 0.76372000
14021.85681415 0.76260000
14071.75492499 0.76013000
14121.65303582 0.75523000
14171.55114666 0.74631000
14221.44925750 0.73064000
14271.34736834 0.70410000
14321.24547918 0.66407000
14371.14359002 0.60804000
14421.04170086 0.53655000
14470.93981170 0.45358000
14520.83792254 0.36476000
14570.73603338 0.27732000
14620.63414422 0.19838000
14670.53225506 0.13298000
14720.43036590 0.08328000
14770.32847674 0.04852000
14820.22658758 0.02630000
14870.12469841 0.01320000
14920.02280925 0.00615000
14969.92092009 0.00264000
15019.81903093 0.00104000
15069.71714177 0.00037000
15119.61525261 0.00013000
15169.51336345 0.00005000
