# wave trans
10800.00000000 0.00005000
10850.00000000 0.00019000
10900.00000000 0.00072000
10950.00000000 0.00242000
11000.00000000 0.00711000
11050.00000000 0.01834000
11100.00000000 0.04168000
11150.00000000 0.08392000
11200.00000000 0.15025000
11250.00000000 0.24064000
11300.00000000 0.34788000
11350.00000000 0.45818000
11400.00000000 0.55680000
11450.00000000 0.63327000
11500.00000000 0.68525000
11550.00000000 0.71562000
11600.00000000 0.73125000
11650.00000000 0.73870000
11700.00000000 0.74168000
11750.00000000 0.74331000
11800.00000000 0.74437000
11850.00000000 0.74482000
11900.00000000 0.74570000
11950.00000000 0.74658000
12000.00000000 0.74698000
12050.00000000 0.74748000
12100.00000000 0.74844000
12150.00000000 0.74943000
12200.00000000 0.74996000
12250.00000000 0.75081000
12300.00000000 0.75172000
12350.00000000 0.75233000
12400.00000000 0.75286000
12450.00000000 0.75353000
12500.00000000 0.75361000
12550.00000000 0.75390000
12600.00000000 0.75398000
12650.00000000 0.75382000
12700.00000000 0.75358000
12750.00000000 0.75350000
12800.00000000 0.75339000
12850.00000000 0.75289000
12900.00000000 0.75286000
12950.00000000 0.75270000
13000.00000000 0.75262000
13050.00000000 0.75294000
13100.00000000 0.75291000
13150.00000000 0.75337000
13200.00000000 0.75387000
13250.00000000 0.75401000
13300.00000000 0.75467000
13350.00000000 0.75536000
13400.00000000 0.75566000
13450.00000000 0.75637000
13500.00000000 0.75720000
13550.00000000 0.75771000
13600.00000000 0.75866000
13650.00000000 0.75928000
13700.00000000 0.76026000
13750.00000000 0.76130000
13800.00000000 0.76186000
13850.00000000 0.76295000
13900.00000000 0.76359000
13950.00000000 0.76383000
14000.00000000 0.76372000
14050.00000000 0.76260000
14100.00000000 0.76013000
14150.00000000 0.75523000
14200.00000000 0.74631000
14250.00000000 0.73064000
14300.00000000 0.70410000
14350.00000000 0.66407000
14400.00000000 0.60804000
14450.00000000 0.53655000
14500.00000000 0.45358000
14550.00000000 0.36476000
14600.00000000 0.27732000
14650.00000000 0.19838000
14700.00000000 0.13298000
14750.00000000 0.08328000
14800.00000000 0.04852000
14850.00000000 0.02630000
14900.00000000 0.01320000
14950.00000000 0.00615000
15000.00000000 0.00264000
15050.00000000 0.00104000
15100.00000000 0.00037000
15150.00000000 0.00013000
15200.00000000 0.00005000
