# wave trans
10744.13309242 0.00005000
10793.86858173 0.00019000
10843.60407103 0.00072000
10893.33956034 0.00242000
10943.07504965 0.00711000
10992.81053895 0.01834000
11042.54602826 0.04168000
11092.28151757 0.08392000
11142.01700687 0.15025000
11191.75249618 0.24064000
11241.48798549 0.34788000
11291.22347479 0.45818000
11340.95896410 0.55680000
11390.69445341 0.63327000
11440.42994272 0.68525000
11490.16543202 0.71562000
11539.90092133 0.73125000
11589.63641064 0.73870000
11639.37189994 0.74168000
11689.10738925 0.74331000
11738.84287856 0.74437000
11788.57836786 0.74482000
11838.31385717 0.74570000
11888.04934648 0.74658000
11937.78483578 0.74698000
11987.52032509 0.74748000
12037.25581440 0.74844000
12086.99130370 0.74943000
12136.72679301 0.74996000
12186.46228232 0.75081000
12236.19777163 0.75172000
12285.93326093 0.75233000
12335.66875024 0.75286000
12385.40423955 0.75353000
12435.13972885 0.75361000
12484.87521816 0.75390000
12534.61070747 0.75398000
12584.34619677 0.75382000
12634.08168608 0.75358000
12683.81717539 0.75350000
12733.55266469 0.75339000
12783.28815400 0.75289000
12833.02364331 0.75286000
12882.75913261 0.75270000
12932.49462192 0.75262000
12982.23011123 0.75294000
13031.96560054 0.75291000
13081.70108984 0.75337000
13131.43657915 0.75387000
13181.17206846 0.75401000
13230.90755776 0.75467000
13280.64304707 0.75536000
13330.37853638 0.75566000
13380.11402568 0.75637000
13429.84951499 0.75720000
13479.58500430 0.75771000
13529.32049360 0.75866000
13579.05598291 0.75928000
13628.79147222 0.76026000
13678.52696152 0.76130000
13728.26245083 0.76186000
13777.99794014 0.76295000
13827.73342945 0.76359000
13877.46891875 0.76383000
13927.20440806 0.76372000
13976.93989737 0.76260000
14026.67538667 0.76013000
14076.41087598 0.75523000
14126.14636529 0.74631000
14175.88185459 0.73064000
14225.61734390 0.70410000
14275.35283321 0.66407000
14325.08832251 0.60804000
14374.82381182 0.53655000
14424.55930113 0.45358000
14474.29479043 0.36476000
14524.03027974 0.27732000
14573.76576905 0.19838000
14623.50125836 0.13298000
14673.23674766 0.08328000
14722.97223697 0.04852000
14772.70772628 0.02630000
14822.44321558 0.01320000
14872.17870489 0.00615000
14921.91419420 0.00264000
14971.64968350 0.00104000
15021.38517281 0.00037000
15071.12066212 0.00013000
15120.85615142 0.00005000
