# wave trans
10805.22674491 0.00005000
10855.25149070 0.00019000
10905.27623648 0.00072000
10955.30098227 0.00242000
11005.32572805 0.00711000
11055.35047384 0.01834000
11105.37521962 0.04168000
11155.39996540 0.08392000
11205.42471119 0.15025000
11255.44945697 0.24064000
11305.47420276 0.34788000
11355.49894854 0.45818000
11405.52369433 0.55680000
11455.54844011 0.63327000
11505.57318590 0.68525000
11555.59793168 0.71562000
11605.62267746 0.73125000
11655.64742325 0.73870000
11705.67216903 0.74168000
11755.69691482 0.74331000
11805.72166060 0.74437000
11855.74640639 0.74482000
11905.77115217 0.74570000
11955.79589796 0.74658000
12005.82064374 0.74698000
12055.84538952 0.74748000
12105.87013531 0.74844000
12155.89488109 0.74943000
12205.91962688 0.74996000
12255.94437266 0.75081000
12305.96911845 0.75172000
12355.99386423 0.75233000
12406.01861001 0.75286000
12456.04335580 0.75353000
12506.06810158 0.75361000
12556.09284737 0.75390000
12606.11759315 0.75398000
12656.14233894 0.75382000
12706.16708472 0.75358000
12756.19183051 0.75350000
12806.21657629 0.75339000
12856.24132207 0.75289000
12906.26606786 0.75286000
12956.29081364 0.75270000
13006.31555943 0.75262000
13056.34030521 0.75294000
13106.36505100 0.75291000
13156.38979678 0.75337000
13206.41454257 0.75387000
13256.43928835 0.75401000
13306.46403413 0.75467000
13356.48877992 0.75536000
13406.51352570 0.75566000
13456.53827149 0.75637000
13506.56301727 0.75720000
13556.58776306 0.75771000
13606.61250884 0.75866000
13656.63725463 0.75928000
13706.66200041 0.76026000
13756.68674619 0.76130000
13806.71149198 0.76186000
13856.73623776 0.76295000
13906.76098355 0.76359000
13956.78572933 0.76383000
14006.81047512 0.76372000
14056.83522090 0.76260000
14106.85996668 0.76013000
14156.88471247 0.75523000
14206.90945825 0.74631000
14256.93420404 0.73064000
14306.95894982 0.70410000
14356.98369561 0.66407000
14407.00844139 0.60804000
14457.03318718 0.53655000
14507.05793296 0.45358000
14557.08267874 0.36476000
14607.10742453 0.27732000
14657.13217031 0.19838000
14707.15691610 0.13298000
14757.18166188 0.08328000
14807.20640767 0.04852000
14857.23115345 0.02630000
14907.25589924 0.01320000
14957.28064502 0.00615000
15007.30539080 0.00264000
15057.33013659 0.00104000
15107.35488237 0.00037000
15157.37962816 0.00013000
15207.40437394 0.00005000
