# wave trans
10785.76012274 0.00005000
10835.69270376 0.00019000
10885.62528478 0.00072000
10935.55786581 0.00242000
10985.49044683 0.00711000
11035.42302785 0.01834000
11085.35560888 0.04168000
11135.28818990 0.08392000
11185.22077092 0.15025000
11235.15335195 0.24064000
11285.08593297 0.34788000
11335.01851399 0.45818000
11384.95109501 0.55680000
11434.88367604 0.63327000
11484.81625706 0.68525000
11534.74883808 0.71562000
11584.68141911 0.73125000
11634.61400013 0.73870000
11684.54658115 0.74168000
11734.47916218 0.74331000
11784.41174320 0.74437000
11834.34432422 0.74482000
11884.27690525 0.74570000
11934.20948627 0.74658000
11984.14206729 0.74698000
12034.07464831 0.74748000
12084.00722934 0.74844000
12133.93981036 0.74943000
12183.87239138 0.74996000
12233.80497241 0.75081000
12283.73755343 0.75172000
12333.67013445 0.75233000
12383.60271548 0.75286000
12433.53529650 0.75353000
12483.46787752 0.75361000
12533.40045855 0.75390000
12583.33303957 0.75398000
12633.26562059 0.75382000
12683.19820161 0.75358000
12733.13078264 0.75350000
12783.06336366 0.75339000
12832.99594468 0.75289000
12882.92852571 0.75286000
12932.86110673 0.75270000
12982.79368775 0.75262000
13032.72626878 0.75294000
13082.65884980 0.75291000
13132.59143082 0.75337000
13182.52401185 0.75387000
13232.45659287 0.75401000
13282.38917389 0.75467000
13332.32175492 0.75536000
13382.25433594 0.75566000
13432.18691696 0.75637000
13482.11949798 0.75720000
13532.05207901 0.75771000
13581.98466003 0.75866000
13631.91724105 0.75928000
13681.84982208 0.76026000
13731.78240310 0.76130000
13781.71498412 0.76186000
13831.64756515 0.76295000
13881.58014617 0.76359000
13931.51272719 0.76383000
13981.44530822 0.76372000
14031.37788924 0.76260000
14081.31047026 0.76013000
14131.24305128 0.75523000
14181.17563231 0.74631000
14231.10821333 0.73064000
14281.04079435 0.70410000
14330.97337538 0.66407000
14380.90595640 0.60804000
14430.83853742 0.53655000
14480.77111845 0.45358000
14530.70369947 0.36476000
14580.63628049 0.27732000
14630.56886152 0.19838000
14680.50144254 0.13298000
14730.43402356 0.08328000
14780.36660458 0.04852000
14830.29918561 0.02630000
14880.23176663 0.01320000
14930.16434765 0.00615000
14980.09692868 0.00264000
15030.02950970 0.00104000
15079.96209072 0.00037000
15129.89467175 0.00013000
15179.82725277 0.00005000
