# wave trans
10777.54111516 0.00005000
10827.43478259 0.00019000
10877.32845001 0.00072000
10927.22211744 0.00242000
10977.11578487 0.00711000
11027.00945230 0.01834000
11076.90311973 0.04168000
11126.79678715 0.08392000
11176.69045458 0.15025000
11226.58412201 0.24064000
11276.47778944 0.34788000
11326.37145687 0.45818000
11376.26512430 0.55680000
11426.15879172 0.63327000
11476.05245915 0.68525000
11525.94612658 0.71562000
11575.83979401 0.73125000
11625.73346144 0.73870000
11675.62712886 0.74168000
11725.52079629 0.74331000
11775.41446372 0.74437000
11825.30813115 0.74482000
11875.20179858 0.74570000
11925.09546601 0.74658000
11974.98913343 0.74698000
12024.88280086 0.74748000
12074.77646829 0.74844000
12124.67013572 0.74943000
12174.56380315 0.74996000
12224.45747058 0.75081000
12274.35113800 0.75172000
12324.24480543 0.75233000
12374.13847286 0.75286000
12424.03214029 0.75353000
12473.92580772 0.75361000
12523.81947514 0.75390000
12573.71314257 0.75398000
12623.60681000 0.75382000
12673.50047743 0.75358000
12723.39414486 0.75350000
12773.28781229 0.75339000
12823.18147971 0.75289000
12873.07514714 0.75286000
12922.96881457 0.75270000
12972.86248200 0.75262000
13022.75614943 0.75294000
13072.64981685 0.75291000
13122.54348428 0.75337000
13172.43715171 0.75387000
13222.33081914 0.75401000
13272.22448657 0.75467000
13322.11815400 0.75536000
13372.01182142 0.75566000
13421.90548885 0.75637000
13471.79915628 0.75720000
13521.69282371 0.75771000
13571.58649114 0.75866000
13621.48015856 0.75928000
13671.37382599 0.76026000
13721.26749342 0.76130000
13771.16116085 0.76186000
13821.05482828 0.76295000
13870.94849571 0.76359000
13920.84216313 0.76383000
13970.73583056 0.76372000
14020.62949799 0.76260000
14070.52316542 0.76013000
14120.41683285 0.75523000
14170.31050027 0.74631000
14220.20416770 0.73064000
14270.09783513 0.70410000
14319.99150256 0.66407000
14369.88516999 0.60804000
14419.77883742 0.53655000
14469.67250484 0.45358000
14519.56617227 0.36476000
14569.45983970 0.27732000
14619.35350713 0.19838000
14669.24717456 0.13298000
14719.14084198 0.08328000
14769.03450941 0.04852000
14818.92817684 0.02630000
14868.82184427 0.01320000
14918.71551170 0.00615000
14968.60917913 0.00264000
15018.50284655 0.00104000
15068.39651398 0.00037000
15118.29018141 0.00013000
15168.18384884 0.00005000
