# wave trans
10753.95571124 0.00005000
10803.73770888 0.00019000
10853.51970652 0.00072000
10903.30170416 0.00242000
10953.08370180 0.00711000
11002.86569943 0.01834000
11052.64769707 0.04168000
11102.42969471 0.08392000
11152.21169235 0.15025000
11201.99368999 0.24064000
11251.77568763 0.34788000
11301.55768527 0.45818000
11351.33968291 0.55680000
11401.12168054 0.63327000
11450.90367818 0.68525000
11500.68567582 0.71562000
11550.46767346 0.73125000
11600.24967110 0.73870000
11650.03166874 0.74168000
11699.81366638 0.74331000
11749.59566401 0.74437000
11799.37766165 0.74482000
11849.15965929 0.74570000
11898.94165693 0.74658000
11948.72365457 0.74698000
11998.50565221 0.74748000
12048.28764985 0.74844000
12098.06964749 0.74943000
12147.85164512 0.74996000
12197.63364276 0.75081000
12247.41564040 0.75172000
12297.19763804 0.75233000
12346.97963568 0.75286000
12396.76163332 0.75353000
12446.54363096 0.75361000
12496.32562860 0.75390000
12546.10762623 0.75398000
12595.88962387 0.75382000
12645.67162151 0.75358000
12695.45361915 0.75350000
12745.23561679 0.75339000
12795.01761443 0.75289000
12844.79961207 0.75286000
12894.58160971 0.75270000
12944.36360734 0.75262000
12994.14560498 0.75294000
13043.92760262 0.75291000
13093.70960026 0.75337000
13143.49159790 0.75387000
13193.27359554 0.75401000
13243.05559318 0.75467000
13292.83759082 0.75536000
13342.61958845 0.75566000
13392.40158609 0.75637000
13442.18358373 0.75720000
13491.96558137 0.75771000
13541.74757901 0.75866000
13591.52957665 0.75928000
13641.31157429 0.76026000
13691.09357193 0.76130000
13740.87556956 0.76186000
13790.65756720 0.76295000
13840.43956484 0.76359000
13890.22156248 0.76383000
13940.00356012 0.76372000
13989.78555776 0.76260000
14039.56755540 0.76013000
14089.34955304 0.75523000
14139.13155067 0.74631000
14188.91354831 0.73064000
14238.69554595 0.70410000
14288.47754359 0.66407000
14338.25954123 0.60804000
14388.04153887 0.53655000
14437.82353651 0.45358000
14487.60553415 0.36476000
14537.38753178 0.27732000
14587.16952942 0.19838000
14636.95152706 0.13298000
14686.73352470 0.08328000
14736.51552234 0.04852000
14786.29751998 0.02630000
14836.07951762 0.01320000
14885.86151526 0.00615000
14935.64351289 0.00264000
14985.42551053 0.00104000
15035.20750817 0.00037000
15084.98950581 0.00013000
15134.77150345 0.00005000
