# wave trans
10764.69121317 0.00005000
10814.52404069 0.00019000
10864.35686820 0.00072000
10914.18969571 0.00242000
10964.02252322 0.00711000
11013.85535073 0.01834000
11063.68817825 0.04168000
11113.52100576 0.08392000
11163.35383327 0.15025000
11213.18666078 0.24064000
11263.01948829 0.34788000
11312.85231581 0.45818000
11362.68514332 0.55680000
11412.51797083 0.63327000
11462.35079834 0.68525000
11512.18362585 0.71562000
11562.01645336 0.73125000
11611.84928088 0.73870000
11661.68210839 0.74168000
11711.51493590 0.74331000
11761.34776341 0.74437000
11811.18059092 0.74482000
11861.01341844 0.74570000
11910.84624595 0.74658000
11960.67907346 0.74698000
12010.51190097 0.74748000
12060.34472848 0.74844000
12110.17755600 0.74943000
12160.01038351 0.74996000
12209.84321102 0.75081000
12259.67603853 0.75172000
12309.50886604 0.75233000
12359.34169356 0.75286000
12409.17452107 0.75353000
12459.00734858 0.75361000
12508.84017609 0.75390000
12558.67300360 0.75398000
12608.50583112 0.75382000
12658.33865863 0.75358000
12708.17148614 0.75350000
12758.00431365 0.75339000
12807.83714116 0.75289000
12857.66996867 0.75286000
12907.50279619 0.75270000
12957.33562370 0.75262000
13007.16845121 0.75294000
13057.00127872 0.75291000
13106.83410623 0.75337000
13156.66693375 0.75387000
13206.49976126 0.75401000
13256.33258877 0.75467000
13306.16541628 0.75536000
13355.99824379 0.75566000
13405.83107131 0.75637000
13455.66389882 0.75720000
13505.49672633 0.75771000
13555.32955384 0.75866000
13605.16238135 0.75928000
13654.99520887 0.76026000
13704.82803638 0.76130000
13754.66086389 0.76186000
13804.49369140 0.76295000
13854.32651891 0.76359000
13904.15934643 0.76383000
13953.99217394 0.76372000
14003.82500145 0.76260000
14053.65782896 0.76013000
14103.49065647 0.75523000
14153.32348398 0.74631000
14203.15631150 0.73064000
14252.98913901 0.70410000
14302.82196652 0.66407000
14352.65479403 0.60804000
14402.48762154 0.53655000
14452.32044906 0.45358000
14502.15327657 0.36476000
14551.98610408 0.27732000
14601.81893159 0.19838000
14651.65175910 0.13298000
14701.48458662 0.08328000
14751.31741413 0.04852000
14801.15024164 0.02630000
14850.98306915 0.01320000
14900.81589666 0.00615000
14950.64872418 0.00264000
15000.48155169 0.00104000
15050.31437920 0.00037000
15100.14720671 0.00013000
15149.98003422 0.00005000
