# wave trans
10784.15249423 0.00005000
10834.07746380 0.00019000
10884.00243337 0.00072000
10933.92740293 0.00242000
10983.85237250 0.00711000
11033.77734207 0.01834000
11083.70231164 0.04168000
11133.62728120 0.08392000
11183.55225077 0.15025000
11233.47722034 0.24064000
11283.40218991 0.34788000
11333.32715947 0.45818000
11383.25212904 0.55680000
11433.17709861 0.63327000
11483.10206818 0.68525000
11533.02703774 0.71562000
11582.95200731 0.73125000
11632.87697688 0.73870000
11682.80194645 0.74168000
11732.72691601 0.74331000
11782.65188558 0.74437000
11832.57685515 0.74482000
11882.50182472 0.74570000
11932.42679428 0.74658000
11982.35176385 0.74698000
12032.27673342 0.74748000
12082.20170299 0.74844000
12132.12667255 0.74943000
12182.05164212 0.74996000
12231.97661169 0.75081000
12281.90158126 0.75172000
12331.82655082 0.75233000
12381.75152039 0.75286000
12431.67648996 0.75353000
12481.60145953 0.75361000
12531.52642909 0.75390000
12581.45139866 0.75398000
12631.37636823 0.75382000
12681.30133780 0.75358000
12731.22630736 0.75350000
12781.15127693 0.75339000
12831.07624650 0.75289000
12881.00121607 0.75286000
12930.92618563 0.75270000
12980.85115520 0.75262000
13030.77612477 0.75294000
13080.70109434 0.75291000
13130.62606390 0.75337000
13180.55103347 0.75387000
13230.47600304 0.75401000
13280.40097261 0.75467000
13330.32594217 0.75536000
13380.25091174 0.75566000
13430.17588131 0.75637000
13480.10085088 0.75720000
13530.02582044 0.75771000
13579.95079001 0.75866000
13629.87575958 0.75928000
13679.80072915 0.76026000
13729.72569871 0.76130000
13779.65066828 0.76186000
13829.57563785 0.76295000
13879.50060742 0.76359000
13929.42557698 0.76383000
13979.35054655 0.76372000
14029.27551612 0.76260000
14079.20048569 0.76013000
14129.12545525 0.75523000
14179.05042482 0.74631000
14228.97539439 0.73064000
14278.90036396 0.70410000
14328.82533352 0.66407000
14378.75030309 0.60804000
14428.67527266 0.53655000
14478.60024223 0.45358000
14528.52521179 0.36476000
14578.45018136 0.27732000
14628.37515093 0.19838000
14678.30012050 0.13298000
14728.22509006 0.08328000
14778.15005963 0.04852000
14828.07502920 0.02630000
14877.99999877 0.01320000
14927.92496833 0.00615000
14977.84993790 0.00264000
15027.77490747 0.00104000
15077.69987704 0.00037000
15127.62484660 0.00013000
15177.54981617 0.00005000
