# wave trans
10746.66240234 0.00005000
10796.40986758 0.00019000
10846.15733281 0.00072000
10895.90479805 0.00242000
10945.65226328 0.00711000
10995.39972852 0.01834000
11045.14719375 0.04168000
11094.89465899 0.08392000
11144.64212422 0.15025000
11194.38958945 0.24064000
11244.13705469 0.34788000
11293.88451992 0.45818000
11343.63198516 0.55680000
11393.37945039 0.63327000
11443.12691563 0.68525000
11492.87438086 0.71562000
11542.62184610 0.73125000
11592.36931133 0.73870000
11642.11677657 0.74168000
11691.86424180 0.74331000
11741.61170704 0.74437000
11791.35917227 0.74482000
11841.10663750 0.74570000
11890.85410274 0.74658000
11940.60156797 0.74698000
11990.34903321 0.74748000
12040.09649844 0.74844000
12089.84396368 0.74943000
12139.59142891 0.74996000
12189.33889415 0.75081000
12239.08635938 0.75172000
12288.83382462 0.75233000
12338.58128985 0.75286000
12388.32875508 0.75353000
12438.07622032 0.75361000
12487.82368555 0.75390000
12537.57115079 0.75398000
12587.31861602 0.75382000
12637.06608126 0.75358000
12686.81354649 0.75350000
12736.56101173 0.75339000
12786.30847696 0.75289000
12836.05594220 0.75286000
12885.80340743 0.75270000
12935.55087267 0.75262000
12985.29833790 0.75294000
13035.04580313 0.75291000
13084.79326837 0.75337000
13134.54073360 0.75387000
13184.28819884 0.75401000
13234.03566407 0.75467000
13283.78312931 0.75536000
13333.53059454 0.75566000
13383.27805978 0.75637000
13433.02552501 0.75720000
13482.77299025 0.75771000
13532.52045548 0.75866000
13582.26792072 0.75928000
13632.01538595 0.76026000
13681.76285118 0.76130000
13731.51031642 0.76186000
13781.25778165 0.76295000
13831.00524689 0.76359000
13880.75271212 0.76383000
13930.50017736 0.76372000
13980.24764259 0.76260000
14029.99510783 0.76013000
14079.74257306 0.75523000
14129.49003830 0.74631000
14179.23750353 0.73064000
14228.98496877 0.70410000
14278.73243400 0.66407000
14328.47989923 0.60804000
14378.22736447 0.53655000
14427.97482970 0.45358000
14477.72229494 0.36476000
14527.46976017 0.27732000
14577.21722541 0.19838000
14626.96469064 0.13298000
14676.71215588 0.08328000
14726.45962111 0.04852000
14776.20708635 0.02630000
14825.95455158 0.01320000
14875.70201681 0.00615000
14925.44948205 0.00264000
14975.19694728 0.00104000
15024.94441252 0.00037000
15074.69187775 0.00013000
15124.43934299 0.00005000
