# wave trans
10741.96521650 0.00005000
10791.69044127 0.00019000
10841.41566604 0.00072000
10891.14089081 0.00242000
10940.86611558 0.00711000
10990.59134035 0.01834000
11040.31656512 0.04168000
11090.04178989 0.08392000
11139.76701466 0.15025000
11189.49223943 0.24064000
11239.21746420 0.34788000
11288.94268897 0.45818000
11338.66791374 0.55680000
11388.39313851 0.63327000
11438.11836328 0.68525000
11487.84358805 0.71562000
11537.56881282 0.73125000
11587.29403759 0.73870000
11637.01926236 0.74168000
11686.74448713 0.74331000
11736.46971190 0.74437000
11786.19493667 0.74482000
11835.92016144 0.74570000
11885.64538621 0.74658000
11935.37061098 0.74698000
11985.09583575 0.74748000
12034.82106052 0.74844000
12084.54628529 0.74943000
12134.27151006 0.74996000
12183.99673483 0.75081000
12233.72195960 0.75172000
12283.44718437 0.75233000
12333.17240914 0.75286000
12382.89763392 0.75353000
12432.62285869 0.75361000
12482.34808346 0.75390000
12532.07330823 0.75398000
12581.79853300 0.75382000
12631.52375777 0.75358000
12681.24898254 0.75350000
12730.97420731 0.75339000
12780.69943208 0.75289000
12830.42465685 0.75286000
12880.14988162 0.75270000
12929.87510639 0.75262000
12979.60033116 0.75294000
13029.32555593 0.75291000
13079.05078070 0.75337000
13128.77600547 0.75387000
13178.50123024 0.75401000
13228.22645501 0.75467000
13277.95167978 0.75536000
13327.67690455 0.75566000
13377.40212932 0.75637000
13427.12735409 0.75720000
13476.85257886 0.75771000
13526.57780363 0.75866000
13576.30302840 0.75928000
13626.02825317 0.76026000
13675.75347794 0.76130000
13725.47870271 0.76186000
13775.20392748 0.76295000
13824.92915225 0.76359000
13874.65437702 0.76383000
13924.37960179 0.76372000
13974.10482656 0.76260000
14023.83005133 0.76013000
14073.55527610 0.75523000
14123.28050087 0.74631000
14173.00572564 0.73064000
14222.73095041 0.70410000
14272.45617518 0.66407000
14322.18139995 0.60804000
14371.90662472 0.53655000
14421.63184949 0.45358000
14471.35707426 0.36476000
14521.08229903 0.27732000
14570.80752380 0.19838000
14620.53274857 0.13298000
14670.25797334 0.08328000
14719.98319811 0.04852000
14769.70842289 0.02630000
14819.43364766 0.01320000
14869.15887243 0.00615000
14918.88409720 0.00264000
14968.60932197 0.00104000
15018.33454674 0.00037000
15068.05977151 0.00013000
15117.78499628 0.00005000
