# wave trans
10749.13350263 0.00005000
10798.89266809 0.00019000
10848.65183356 0.00072000
10898.41099902 0.00242000
10948.17016449 0.00711000
10997.92932995 0.01834000
11047.68849542 0.04168000
11097.44766088 0.08392000
11147.20682635 0.15025000
11196.96599182 0.24064000
11246.72515728 0.34788000
11296.48432275 0.45818000
11346.24348821 0.55680000
11396.00265368 0.63327000
11445.76181914 0.68525000
11495.52098461 0.71562000
11545.28015007 0.73125000
11595.03931554 0.73870000
11644.79848100 0.74168000
11694.55764647 0.74331000
11744.31681194 0.74437000
11794.07597740 0.74482000
11843.83514287 0.74570000
11893.59430833 0.74658000
11943.35347380 0.74698000
11993.11263926 0.74748000
12042.87180473 0.74844000
12092.63097019 0.74943000
12142.39013566 0.74996000
12192.14930112 0.75081000
12241.90846659 0.75172000
12291.66763206 0.75233000
12341.42679752 0.75286000
12391.18596299 0.75353000
12440.94512845 0.75361000
12490.70429392 0.75390000
12540.46345938 0.75398000
12590.22262485 0.75382000
12639.98179031 0.75358000
12689.74095578 0.75350000
12739.50012124 0.75339000
12789.25928671 0.75289000
12839.01845218 0.75286000
12888.77761764 0.75270000
12938.53678311 0.75262000
12988.29594857 0.75294000
13038.05511404 0.75291000
13087.81427950 0.75337000
13137.57344497 0.75387000
13187.33261043 0.75401000
13237.09177590 0.75467000
13286.85094136 0.75536000
13336.61010683 0.75566000
13386.36927229 0.75637000
13436.12843776 0.75720000
13485.88760323 0.75771000
13535.64676869 0.75866000
13585.40593416 0.75928000
13635.16509962 0.76026000
13684.92426509 0.76130000
13734.68343055 0.76186000
13784.44259602 0.76295000
13834.20176148 0.76359000
13883.96092695 0.76383000
13933.72009241 0.76372000
13983.47925788 0.76260000
14033.23842335 0.76013000
14082.99758881 0.75523000
14132.75675428 0.74631000
14182.51591974 0.73064000
14232.27508521 0.70410000
14282.03425067 0.66407000
14331.79341614 0.60804000
14381.55258160 0.53655000
14431.31174707 0.45358000
14481.07091253 0.36476000
14530.83007800 0.27732000
14580.58924347 0.19838000
14630.34840893 0.13298000
14680.10757440 0.08328000
14729.86673986 0.04852000
14779.62590533 0.02630000
14829.38507079 0.01320000
14879.14423626 0.00615000
14928.90340172 0.00264000
14978.66256719 0.00104000
15028.42173265 0.00037000
15078.18089812 0.00013000
15127.94006359 0.00005000
