# wave trans
13138.53138586 0.00003000
13188.48829789 0.00008000
13238.44520992 0.00024000
13288.40212195 0.00075000
13338.35903398 0.00202000
13388.31594601 0.00503000
13438.27285804 0.01145000
13488.22977007 0.02398000
13538.18668210 0.04613000
13588.14359413 0.08185000
13638.10050616 0.13407000
13688.05741819 0.20373000
13738.01433022 0.28813000
13787.97124225 0.38092000
13837.92815429 0.47421000
13887.88506632 0.55901000
13937.84197835 0.62912000
13987.79889038 0.68185000
14037.75580241 0.71759000
14087.71271444 0.73966000
14137.66962647 0.75206000
14187.62653850 0.75872000
14237.58345053 0.76242000
14287.54036256 0.76396000
14337.49727459 0.76495000
14387.45418662 0.76513000
14437.41109865 0.76484000
14487.36801068 0.76503000
14537.32492271 0.76537000
14587.28183474 0.76561000
14637.23874677 0.76577000
14687.19565880 0.76593000
14737.15257083 0.76636000
14787.10948286 0.76636000
14837.06639489 0.76678000
14887.02330692 0.76689000
14936.98021895 0.76739000
14986.93713098 0.76755000
15036.89404301 0.76766000
15086.85095505 0.76825000
15136.80786708 0.76865000
15186.76477911 0.76907000
15236.72169114 0.76976000
15286.67860317 0.76998000
15336.63551520 0.77067000
15386.59242723 0.77136000
15436.54933926 0.77187000
15486.50625129 0.77240000
15536.46316332 0.77280000
15586.42007535 0.77320000
15636.37698738 0.77344000
15686.33389941 0.77405000
15736.29081144 0.77434000
15786.24772347 0.77466000
15836.20463550 0.77522000
15886.16154753 0.77589000
15936.11845956 0.77674000
15986.07537159 0.77780000
16036.03228362 0.77884000
16085.98919565 0.77998000
16135.94610768 0.78100000
16185.90301971 0.78209000
16235.85993174 0.78358000
16285.81684377 0.78509000
16335.77375581 0.78619000
16385.73066784 0.78722000
16435.68757987 0.78818000
16485.64449190 0.78906000
16535.60140393 0.79015000
16585.55831596 0.79066000
16635.51522799 0.79156000
16685.47214002 0.79239000
16735.42905205 0.79276000
16785.38596408 0.79311000
16835.34287611 0.79380000
16885.29978814 0.79409000
16935.25670017 0.79430000
16985.21361220 0.79497000
17035.17052423 0.79550000
17085.12743626 0.79579000
17135.08434829 0.79537000
17185.04126032 0.79436000
17234.99817235 0.79127000
17284.95508438 0.78536000
17334.91199641 0.77538000
17384.86890844 0.75933000
17434.82582047 0.73500000
17484.78273250 0.70125000
17534.73964453 0.65590000
17584.69655657 0.59981000
17634.65346860 0.53354000
17684.61038063 0.46015000
17734.56729266 0.38347000
17784.52420469 0.30780000
17834.48111672 0.23748000
17884.43802875 0.17546000
17934.39494078 0.12401000
17984.35185281 0.08363000
18034.30876484 0.05379000
18084.26567687 0.03295000
18134.22258890 0.01919000
18184.17950093 0.01062000
18234.13641296 0.00559000
18284.09332499 0.00279000
18334.05023702 0.00130000
18384.00714905 0.00059000
18433.96406108 0.00024000
18483.92097311 0.00011000
18533.87788514 0.00003000
18583.83479717 0.00003000
