# wave trans
13120.43262728 0.00003000
13170.32154266 0.00008000
13220.21045804 0.00024000
13270.09937342 0.00075000
13319.98828880 0.00202000
13369.87720418 0.00503000
13419.76611956 0.01145000
13469.65503494 0.02398000
13519.54395033 0.04613000
13569.43286571 0.08185000
13619.32178109 0.13407000
13669.21069647 0.20373000
13719.09961185 0.28813000
13768.98852723 0.38092000
13818.87744261 0.47421000
13868.76635799 0.55901000
13918.65527338 0.62912000
13968.54418876 0.68185000
14018.43310414 0.71759000
14068.32201952 0.73966000
14118.21093490 0.75206000
14168.09985028 0.75872000
14217.98876566 0.76242000
14267.87768104 0.76396000
14317.76659643 0.76495000
14367.65551181 0.76513000
14417.54442719 0.76484000
14467.43334257 0.76503000
14517.32225795 0.76537000
14567.21117333 0.76561000
14617.10008871 0.76577000
14666.98900409 0.76593000
14716.87791948 0.76636000
14766.76683486 0.76636000
14816.65575024 0.76678000
14866.54466562 0.76689000
14916.43358100 0.76739000
14966.32249638 0.76755000
15016.21141176 0.76766000
15066.10032714 0.76825000
15115.98924253 0.76865000
15165.87815791 0.76907000
15215.76707329 0.76976000
15265.65598867 0.76998000
15315.54490405 0.77067000
15365.43381943 0.77136000
15415.32273481 0.77187000
15465.21165019 0.77240000
15515.10056558 0.77280000
15564.98948096 0.77320000
15614.87839634 0.77344000
15664.76731172 0.77405000
15714.65622710 0.77434000
15764.54514248 0.77466000
15814.43405786 0.77522000
15864.32297324 0.77589000
15914.21188863 0.77674000
15964.10080401 0.77780000
16013.98971939 0.77884000
16063.87863477 0.77998000
16113.76755015 0.78100000
16163.65646553 0.78209000
16213.54538091 0.78358000
16263.43429629 0.78509000
16313.32321168 0.78619000
16363.21212706 0.78722000
16413.10104244 0.78818000
16462.98995782 0.78906000
16512.87887320 0.79015000
16562.76778858 0.79066000
16612.65670396 0.79156000
16662.54561934 0.79239000
16712.43453473 0.79276000
16762.32345011 0.79311000
16812.21236549 0.79380000
16862.10128087 0.79409000
16911.99019625 0.79430000
16961.87911163 0.79497000
17011.76802701 0.79550000
17061.65694239 0.79579000
17111.54585778 0.79537000
17161.43477316 0.79436000
17211.32368854 0.79127000
17261.21260392 0.78536000
17311.10151930 0.77538000
17360.99043468 0.75933000
17410.87935006 0.73500000
17460.76826544 0.70125000
17510.65718082 0.65590000
17560.54609621 0.59981000
17610.43501159 0.53354000
17660.32392697 0.46015000
17710.21284235 0.38347000
17760.10175773 0.30780000
17809.99067311 0.23748000
17859.87958849 0.17546000
17909.76850387 0.12401000
17959.65741926 0.08363000
18009.54633464 0.05379000
18059.43525002 0.03295000
18109.32416540 0.01919000
18159.21308078 0.01062000
18209.10199616 0.00559000
18258.99091154 0.00279000
18308.87982692 0.00130000
18358.76874231 0.00059000
18408.65765769 0.00024000
18458.54657307 0.00011000
18508.43548845 0.00003000
18558.32440383 0.00003000
