# wave trans
13130.37140417 0.00003000
13180.29765914 0.00008000
13230.22391412 0.00024000
13280.15016909 0.00075000
13330.07642407 0.00202000
13380.00267904 0.00503000
13429.92893402 0.01145000
13479.85518899 0.02398000
13529.78144397 0.04613000
13579.70769894 0.08185000
13629.63395392 0.13407000
13679.56020889 0.20373000
13729.48646387 0.28813000
13779.41271885 0.38092000
13829.33897382 0.47421000
13879.26522880 0.55901000
13929.19148377 0.62912000
13979.11773875 0.68185000
14029.04399372 0.71759000
14078.97024870 0.73966000
14128.89650367 0.75206000
14178.82275865 0.75872000
14228.74901362 0.76242000
14278.67526860 0.76396000
14328.60152357 0.76495000
14378.52777855 0.76513000
14428.45403352 0.76484000
14478.38028850 0.76503000
14528.30654347 0.76537000
14578.23279845 0.76561000
14628.15905342 0.76577000
14678.08530840 0.76593000
14728.01156337 0.76636000
14777.93781835 0.76636000
14827.86407332 0.76678000
14877.79032830 0.76689000
14927.71658327 0.76739000
14977.64283825 0.76755000
15027.56909323 0.76766000
15077.49534820 0.76825000
15127.42160318 0.76865000
15177.34785815 0.76907000
15227.27411313 0.76976000
15277.20036810 0.76998000
15327.12662308 0.77067000
15377.05287805 0.77136000
15426.97913303 0.77187000
15476.90538800 0.77240000
15526.83164298 0.77280000
15576.75789795 0.77320000
15626.68415293 0.77344000
15676.61040790 0.77405000
15726.53666288 0.77434000
15776.46291785 0.77466000
15826.38917283 0.77522000
15876.31542780 0.77589000
15926.24168278 0.77674000
15976.16793775 0.77780000
16026.09419273 0.77884000
16076.02044770 0.77998000
16125.94670268 0.78100000
16175.87295765 0.78209000
16225.79921263 0.78358000
16275.72546761 0.78509000
16325.65172258 0.78619000
16375.57797756 0.78722000
16425.50423253 0.78818000
16475.43048751 0.78906000
16525.35674248 0.79015000
16575.28299746 0.79066000
16625.20925243 0.79156000
16675.13550741 0.79239000
16725.06176238 0.79276000
16774.98801736 0.79311000
16824.91427233 0.79380000
16874.84052731 0.79409000
16924.76678228 0.79430000
16974.69303726 0.79497000
17024.61929223 0.79550000
17074.54554721 0.79579000
17124.47180218 0.79537000
17174.39805716 0.79436000
17224.32431213 0.79127000
17274.25056711 0.78536000
17324.17682208 0.77538000
17374.10307706 0.75933000
17424.02933203 0.73500000
17473.95558701 0.70125000
17523.88184199 0.65590000
17573.80809696 0.59981000
17623.73435194 0.53354000
17673.66060691 0.46015000
17723.58686189 0.38347000
17773.51311686 0.30780000
17823.43937184 0.23748000
17873.36562681 0.17546000
17923.29188179 0.12401000
17973.21813676 0.08363000
18023.14439174 0.05379000
18073.07064671 0.03295000
18122.99690169 0.01919000
18172.92315666 0.01062000
18222.84941164 0.00559000
18272.77566661 0.00279000
18322.70192159 0.00130000
18372.62817656 0.00059000
18422.55443154 0.00024000
18472.48068651 0.00011000
18522.40694149 0.00003000
18572.33319646 0.00003000
