# wave trans
13097.08763150 0.00003000
13146.88884233 0.00008000
13196.69005315 0.00024000
13246.49126398 0.00075000
13296.29247481 0.00202000
13346.09368564 0.00503000
13395.89489646 0.01145000
13445.69610729 0.02398000
13495.49731812 0.04613000
13545.29852895 0.08185000
13595.09973977 0.13407000
13644.90095060 0.20373000
13694.70216143 0.28813000
13744.50337226 0.38092000
13794.30458308 0.47421000
13844.10579391 0.55901000
13893.90700474 0.62912000
13943.70821557 0.68185000
13993.50942639 0.71759000
14043.31063722 0.73966000
14093.11184805 0.75206000
14142.91305888 0.75872000
14192.71426970 0.76242000
14242.51548053 0.76396000
14292.31669136 0.76495000
14342.11790219 0.76513000
14391.91911301 0.76484000
14441.72032384 0.76503000
14491.52153467 0.76537000
14541.32274550 0.76561000
14591.12395632 0.76577000
14640.92516715 0.76593000
14690.72637798 0.76636000
14740.52758881 0.76636000
14790.32879963 0.76678000
14840.13001046 0.76689000
14889.93122129 0.76739000
14939.73243211 0.76755000
14989.53364294 0.76766000
15039.33485377 0.76825000
15089.13606460 0.76865000
15138.93727542 0.76907000
15188.73848625 0.76976000
15238.53969708 0.76998000
15288.34090791 0.77067000
15338.14211873 0.77136000
15387.94332956 0.77187000
15437.74454039 0.77240000
15487.54575122 0.77280000
15537.34696204 0.77320000
15587.14817287 0.77344000
15636.94938370 0.77405000
15686.75059453 0.77434000
15736.55180535 0.77466000
15786.35301618 0.77522000
15836.15422701 0.77589000
15885.95543784 0.77674000
15935.75664866 0.77780000
15985.55785949 0.77884000
16035.35907032 0.77998000
16085.16028115 0.78100000
16134.96149197 0.78209000
16184.76270280 0.78358000
16234.56391363 0.78509000
16284.36512446 0.78619000
16334.16633528 0.78722000
16383.96754611 0.78818000
16433.76875694 0.78906000
16483.56996777 0.79015000
16533.37117859 0.79066000
16583.17238942 0.79156000
16632.97360025 0.79239000
16682.77481108 0.79276000
16732.57602190 0.79311000
16782.37723273 0.79380000
16832.17844356 0.79409000
16881.97965439 0.79430000
16931.78086521 0.79497000
16981.58207604 0.79550000
17031.38328687 0.79579000
17081.18449770 0.79537000
17130.98570852 0.79436000
17180.78691935 0.79127000
17230.58813018 0.78536000
17280.38934101 0.77538000
17330.19055183 0.75933000
17379.99176266 0.73500000
17429.79297349 0.70125000
17479.59418432 0.65590000
17529.39539514 0.59981000
17579.19660597 0.53354000
17628.99781680 0.46015000
17678.79902763 0.38347000
17728.60023845 0.30780000
17778.40144928 0.23748000
17828.20266011 0.17546000
17878.00387094 0.12401000
17927.80508176 0.08363000
17977.60629259 0.05379000
18027.40750342 0.03295000
18077.20871424 0.01919000
18127.00992507 0.01062000
18176.81113590 0.00559000
18226.61234673 0.00279000
18276.41355755 0.00130000
18326.21476838 0.00059000
18376.01597921 0.00024000
18425.81719004 0.00011000
18475.61840086 0.00003000
18525.41961169 0.00003000
