# wave trans
13150.00000000 0.00003000
13200.00000000 0.00008000
13250.00000000 0.00024000
13300.00000000 0.00075000
13350.00000000 0.00202000
13400.00000000 0.00503000
13450.00000000 0.01145000
13500.00000000 0.02398000
13550.00000000 0.04613000
13600.00000000 0.08185000
13650.00000000 0.13407000
13700.00000000 0.20373000
13750.00000000 0.28813000
13800.00000000 0.38092000
13850.00000000 0.47421000
13900.00000000 0.55901000
13950.00000000 0.62912000
14000.00000000 0.68185000
14050.00000000 0.71759000
14100.00000000 0.73966000
14150.00000000 0.75206000
14200.00000000 0.75872000
14250.00000000 0.76242000
14300.00000000 0.76396000
14350.00000000 0.76495000
14400.00000000 0.76513000
14450.00000000 0.76484000
14500.00000000 0.76503000
14550.00000000 0.76537000
14600.00000000 0.76561000
14650.00000000 0.76577000
14700.00000000 0.76593000
14750.00000000 0.76636000
14800.00000000 0.76636000
14850.00000000 0.76678000
14900.00000000 0.76689000
14950.00000000 0.76739000
15000.00000000 0.76755000
15050.00000000 0.76766000
15100.00000000 0.76825000
15150.00000000 0.76865000
15200.00000000 0.76907000
15250.00000000 0.76976000
15300.00000000 0.76998000
15350.00000000 0.77067000
15400.00000000 0.77136000
15450.00000000 0.77187000
15500.00000000 0.77240000
15550.00000000 0.77280000
15600.00000000 0.77320000
15650.00000000 0.77344000
15700.00000000 0.77405000
15750.00000000 0.77434000
15800.00000000 0.77466000
15850.00000000 0.77522000
15900.00000000 0.77589000
15950.00000000 0.77674000
16000.00000000 0.77780000
16050.00000000 0.77884000
16100.00000000 0.77998000
16150.00000000 0.78100000
16200.00000000 0.78209000
16250.00000000 0.78358000
16300.00000000 0.78509000
16350.00000000 0.78619000
16400.00000000 0.78722000
16450.00000000 0.78818000
16500.00000000 0.78906000
16550.00000000 0.79015000
16600.00000000 0.79066000
16650.00000000 0.79156000
16700.00000000 0.79239000
16750.00000000 0.79276000
16800.00000000 0.79311000
16850.00000000 0.79380000
16900.00000000 0.79409000
16950.00000000 0.79430000
17000.00000000 0.79497000
17050.00000000 0.79550000
17100.00000000 0.79579000
17150.00000000 0.79537000
17200.00000000 0.79436000
17250.00000000 0.79127000
17300.00000000 0.78536000
17350.00000000 0.77538000
17400.00000000 0.75933000
17450.00000000 0.73500000
17500.00000000 0.70125000
17550.00000000 0.65590000
17600.00000000 0.59981000
17650.00000000 0.53354000
17700.00000000 0.46015000
17750.00000000 0.38347000
17800.00000000 0.30780000
17850.00000000 0.23748000
17900.00000000 0.17546000
17950.00000000 0.12401000
18000.00000000 0.08363000
18050.00000000 0.05379000
18100.00000000 0.03295000
18150.00000000 0.01919000
18200.00000000 0.01062000
18250.00000000 0.00559000
18300.00000000 0.00279000
18350.00000000 0.00130000
18400.00000000 0.00059000
18450.00000000 0.00024000
18500.00000000 0.00011000
18550.00000000 0.00003000
18600.00000000 0.00003000
