# wave trans
13150.77781525 0.00003000
13200.78073754 0.00008000
13250.78365984 0.00024000
13300.78658214 0.00075000
13350.78950444 0.00202000
13400.79242673 0.00503000
13450.79534903 0.01145000
13500.79827133 0.02398000
13550.80119363 0.04613000
13600.80411592 0.08185000
13650.80703822 0.13407000
13700.80996052 0.20373000
13750.81288282 0.28813000
13800.81580512 0.38092000
13850.81872741 0.47421000
13900.82164971 0.55901000
13950.82457201 0.62912000
14000.82749431 0.68185000
14050.83041660 0.71759000
14100.83333890 0.73966000
14150.83626120 0.75206000
14200.83918350 0.75872000
14250.84210579 0.76242000
14300.84502809 0.76396000
14350.84795039 0.76495000
14400.85087269 0.76513000
14450.85379498 0.76484000
14500.85671728 0.76503000
14550.85963958 0.76537000
14600.86256188 0.76561000
14650.86548417 0.76577000
14700.86840647 0.76593000
14750.87132877 0.76636000
14800.87425107 0.76636000
14850.87717336 0.76678000
14900.88009566 0.76689000
14950.88301796 0.76739000
15000.88594026 0.76755000
15050.88886256 0.76766000
15100.89178485 0.76825000
15150.89470715 0.76865000
15200.89762945 0.76907000
15250.90055175 0.76976000
15300.90347404 0.76998000
15350.90639634 0.77067000
15400.90931864 0.77136000
15450.91224094 0.77187000
15500.91516323 0.77240000
15550.91808553 0.77280000
15600.92100783 0.77320000
15650.92393013 0.77344000
15700.92685242 0.77405000
15750.92977472 0.77434000
15800.93269702 0.77466000
15850.93561932 0.77522000
15900.93854161 0.77589000
15950.94146391 0.77674000
16000.94438621 0.77780000
16050.94730851 0.77884000
16100.95023080 0.77998000
16150.95315310 0.78100000
16200.95607540 0.78209000
16250.95899770 0.78358000
16300.96192000 0.78509000
16350.96484229 0.78619000
16400.96776459 0.78722000
16450.97068689 0.78818000
16500.97360919 0.78906000
16550.97653148 0.79015000
16600.97945378 0.79066000
16650.98237608 0.79156000
16700.98529838 0.79239000
16750.98822067 0.79276000
16800.99114297 0.79311000
16850.99406527 0.79380000
16900.99698757 0.79409000
16950.99990986 0.79430000
17001.00283216 0.79497000
17051.00575446 0.79550000
17101.00867676 0.79579000
17151.01159905 0.79537000
17201.01452135 0.79436000
17251.01744365 0.79127000
17301.02036595 0.78536000
17351.02328824 0.77538000
17401.02621054 0.75933000
17451.02913284 0.73500000
17501.03205514 0.70125000
17551.03497744 0.65590000
17601.03789973 0.59981000
17651.04082203 0.53354000
17701.04374433 0.46015000
17751.04666663 0.38347000
17801.04958892 0.30780000
17851.05251122 0.23748000
17901.05543352 0.17546000
17951.05835582 0.12401000
18001.06127811 0.08363000
18051.06420041 0.05379000
18101.06712271 0.03295000
18151.07004501 0.01919000
18201.07296730 0.01062000
18251.07588960 0.00559000
18301.07881190 0.00279000
18351.08173420 0.00130000
18401.08465649 0.00059000
18451.08757879 0.00024000
18501.09050109 0.00011000
18551.09342339 0.00003000
18601.09634568 0.00003000
