# wave trans
13099.06308965 0.00003000
13148.87172198 0.00008000
13198.68035432 0.00024000
13248.48898666 0.00075000
13298.29761900 0.00202000
13348.10625134 0.00503000
13397.91488368 0.01145000
13447.72351602 0.02398000
13497.53214835 0.04613000
13547.34078069 0.08185000
13597.14941303 0.13407000
13646.95804537 0.20373000
13696.76667771 0.28813000
13746.57531005 0.38092000
13796.38394238 0.47421000
13846.19257472 0.55901000
13896.00120706 0.62912000
13945.80983940 0.68185000
13995.61847174 0.71759000
14045.42710408 0.73966000
14095.23573641 0.75206000
14145.04436875 0.75872000
14194.85300109 0.76242000
14244.66163343 0.76396000
14294.47026577 0.76495000
14344.27889811 0.76513000
14394.08753044 0.76484000
14443.89616278 0.76503000
14493.70479512 0.76537000
14543.51342746 0.76561000
14593.32205980 0.76577000
14643.13069214 0.76593000
14692.93932448 0.76636000
14742.74795681 0.76636000
14792.55658915 0.76678000
14842.36522149 0.76689000
14892.17385383 0.76739000
14941.98248617 0.76755000
14991.79111851 0.76766000
15041.59975084 0.76825000
15091.40838318 0.76865000
15141.21701552 0.76907000
15191.02564786 0.76976000
15240.83428020 0.76998000
15290.64291254 0.77067000
15340.45154487 0.77136000
15390.26017721 0.77187000
15440.06880955 0.77240000
15489.87744189 0.77280000
15539.68607423 0.77320000
15589.49470657 0.77344000
15639.30333890 0.77405000
15689.11197124 0.77434000
15738.92060358 0.77466000
15788.72923592 0.77522000
15838.53786826 0.77589000
15888.34650060 0.77674000
15938.15513294 0.77780000
15987.96376527 0.77884000
16037.77239761 0.77998000
16087.58102995 0.78100000
16137.38966229 0.78209000
16187.19829463 0.78358000
16237.00692697 0.78509000
16286.81555930 0.78619000
16336.62419164 0.78722000
16386.43282398 0.78818000
16436.24145632 0.78906000
16486.05008866 0.79015000
16535.85872100 0.79066000
16585.66735333 0.79156000
16635.47598567 0.79239000
16685.28461801 0.79276000
16735.09325035 0.79311000
16784.90188269 0.79380000
16834.71051503 0.79409000
16884.51914736 0.79430000
16934.32777970 0.79497000
16984.13641204 0.79550000
17033.94504438 0.79579000
17083.75367672 0.79537000
17133.56230906 0.79436000
17183.37094140 0.79127000
17233.17957373 0.78536000
17282.98820607 0.77538000
17332.79683841 0.75933000
17382.60547075 0.73500000
17432.41410309 0.70125000
17482.22273543 0.65590000
17532.03136776 0.59981000
17581.84000010 0.53354000
17631.64863244 0.46015000
17681.45726478 0.38347000
17731.26589712 0.30780000
17781.07452946 0.23748000
17830.88316179 0.17546000
17880.69179413 0.12401000
17930.50042647 0.08363000
17980.30905881 0.05379000
18030.11769115 0.03295000
18079.92632349 0.01919000
18129.73495582 0.01062000
18179.54358816 0.00559000
18229.35222050 0.00279000
18279.16085284 0.00130000
18328.96948518 0.00059000
18378.77811752 0.00024000
18428.58674986 0.00011000
18478.39538219 0.00003000
18528.20401453 0.00003000
