# wave trans
13101.36772730 0.00003000
13151.18501780 0.00008000
13201.00230829 0.00024000
13250.81959879 0.00075000
13300.63688929 0.00202000
13350.45417979 0.00503000
13400.27147029 0.01145000
13450.08876079 0.02398000
13499.90605129 0.04613000
13549.72334178 0.08185000
13599.54063228 0.13407000
13649.35792278 0.20373000
13699.17521328 0.28813000
13748.99250378 0.38092000
13798.80979428 0.47421000
13848.62708478 0.55901000
13898.44437527 0.62912000
13948.26166577 0.68185000
13998.07895627 0.71759000
14047.89624677 0.73966000
14097.71353727 0.75206000
14147.53082777 0.75872000
14197.34811827 0.76242000
14247.16540876 0.76396000
14296.98269926 0.76495000
14346.79998976 0.76513000
14396.61728026 0.76484000
14446.43457076 0.76503000
14496.25186126 0.76537000
14546.06915176 0.76561000
14595.88644225 0.76577000
14645.70373275 0.76593000
14695.52102325 0.76636000
14745.33831375 0.76636000
14795.15560425 0.76678000
14844.97289475 0.76689000
14894.79018525 0.76739000
14944.60747574 0.76755000
14994.42476624 0.76766000
15044.24205674 0.76825000
15094.05934724 0.76865000
15143.87663774 0.76907000
15193.69392824 0.76976000
15243.51121874 0.76998000
15293.32850923 0.77067000
15343.14579973 0.77136000
15392.96309023 0.77187000
15442.78038073 0.77240000
15492.59767123 0.77280000
15542.41496173 0.77320000
15592.23225223 0.77344000
15642.04954272 0.77405000
15691.86683322 0.77434000
15741.68412372 0.77466000
15791.50141422 0.77522000
15841.31870472 0.77589000
15891.13599522 0.77674000
15940.95328572 0.77780000
15990.77057621 0.77884000
16040.58786671 0.77998000
16090.40515721 0.78100000
16140.22244771 0.78209000
16190.03973821 0.78358000
16239.85702871 0.78509000
16289.67431921 0.78619000
16339.49160970 0.78722000
16389.30890020 0.78818000
16439.12619070 0.78906000
16488.94348120 0.79015000
16538.76077170 0.79066000
16588.57806220 0.79156000
16638.39535270 0.79239000
16688.21264319 0.79276000
16738.02993369 0.79311000
16787.84722419 0.79380000
16837.66451469 0.79409000
16887.48180519 0.79430000
16937.29909569 0.79497000
16987.11638618 0.79550000
17036.93367668 0.79579000
17086.75096718 0.79537000
17136.56825768 0.79436000
17186.38554818 0.79127000
17236.20283868 0.78536000
17286.02012918 0.77538000
17335.83741967 0.75933000
17385.65471017 0.73500000
17435.47200067 0.70125000
17485.28929117 0.65590000
17535.10658167 0.59981000
17584.92387217 0.53354000
17634.74116267 0.46015000
17684.55845316 0.38347000
17734.37574366 0.30780000
17784.19303416 0.23748000
17834.01032466 0.17546000
17883.82761516 0.12401000
17933.64490566 0.08363000
17983.46219616 0.05379000
18033.27948665 0.03295000
18083.09677715 0.01919000
18132.91406765 0.01062000
18182.73135815 0.00559000
18232.54864865 0.00279000
18282.36593915 0.00130000
18332.18322965 0.00059000
18382.00052014 0.00024000
18431.81781064 0.00011000
18481.63510114 0.00003000
18531.45239164 0.00003000
