# wave trans
13154.76857824 0.00003000
13204.78649411 0.00008000
13254.80440998 0.00024000
13304.82232586 0.00075000
13354.84024173 0.00202000
13404.85815760 0.00503000
13454.87607347 0.01145000
13504.89398934 0.02398000
13554.91190522 0.04613000
13604.92982109 0.08185000
13654.94773696 0.13407000
13704.96565283 0.20373000
13754.98356870 0.28813000
13805.00148458 0.38092000
13855.01940045 0.47421000
13905.03731632 0.55901000
13955.05523219 0.62912000
14005.07314806 0.68185000
14055.09106394 0.71759000
14105.10897981 0.73966000
14155.12689568 0.75206000
14205.14481155 0.75872000
14255.16272742 0.76242000
14305.18064330 0.76396000
14355.19855917 0.76495000
14405.21647504 0.76513000
14455.23439091 0.76484000
14505.25230679 0.76503000
14555.27022266 0.76537000
14605.28813853 0.76561000
14655.30605440 0.76577000
14705.32397027 0.76593000
14755.34188615 0.76636000
14805.35980202 0.76636000
14855.37771789 0.76678000
14905.39563376 0.76689000
14955.41354963 0.76739000
15005.43146551 0.76755000
15055.44938138 0.76766000
15105.46729725 0.76825000
15155.48521312 0.76865000
15205.50312899 0.76907000
15255.52104487 0.76976000
15305.53896074 0.76998000
15355.55687661 0.77067000
15405.57479248 0.77136000
15455.59270835 0.77187000
15505.61062423 0.77240000
15555.62854010 0.77280000
15605.64645597 0.77320000
15655.66437184 0.77344000
15705.68228771 0.77405000
15755.70020359 0.77434000
15805.71811946 0.77466000
15855.73603533 0.77522000
15905.75395120 0.77589000
15955.77186708 0.77674000
16005.78978295 0.77780000
16055.80769882 0.77884000
16105.82561469 0.77998000
16155.84353056 0.78100000
16205.86144644 0.78209000
16255.87936231 0.78358000
16305.89727818 0.78509000
16355.91519405 0.78619000
16405.93310992 0.78722000
16455.95102580 0.78818000
16505.96894167 0.78906000
16555.98685754 0.79015000
16606.00477341 0.79066000
16656.02268928 0.79156000
16706.04060516 0.79239000
16756.05852103 0.79276000
16806.07643690 0.79311000
16856.09435277 0.79380000
16906.11226864 0.79409000
16956.13018452 0.79430000
17006.14810039 0.79497000
17056.16601626 0.79550000
17106.18393213 0.79579000
17156.20184800 0.79537000
17206.21976388 0.79436000
17256.23767975 0.79127000
17306.25559562 0.78536000
17356.27351149 0.77538000
17406.29142737 0.75933000
17456.30934324 0.73500000
17506.32725911 0.70125000
17556.34517498 0.65590000
17606.36309085 0.59981000
17656.38100673 0.53354000
17706.39892260 0.46015000
17756.41683847 0.38347000
17806.43475434 0.30780000
17856.45267021 0.23748000
17906.47058609 0.17546000
17956.48850196 0.12401000
18006.50641783 0.08363000
18056.52433370 0.05379000
18106.54224957 0.03295000
18156.56016545 0.01919000
18206.57808132 0.01062000
18256.59599719 0.00559000
18306.61391306 0.00279000
18356.63182893 0.00130000
18406.64974481 0.00059000
18456.66766068 0.00024000
18506.68557655 0.00011000
18556.70349242 0.00003000
18606.72140829 0.00003000
