# wave trans
13108.01431584 0.00003000
13157.85657672 0.00008000
13207.69883760 0.00024000
13257.54109848 0.00075000
13307.38335936 0.00202000
13357.22562024 0.00503000
13407.06788113 0.01145000
13456.91014201 0.02398000
13506.75240289 0.04613000
13556.59466377 0.08185000
13606.43692465 0.13407000
13656.27918553 0.20373000
13706.12144641 0.28813000
13755.96370730 0.38092000
13805.80596818 0.47421000
13855.64822906 0.55901000
13905.49048994 0.62912000
13955.33275082 0.68185000
14005.17501170 0.71759000
14055.01727259 0.73966000
14104.85953347 0.75206000
14154.70179435 0.75872000
14204.54405523 0.76242000
14254.38631611 0.76396000
14304.22857699 0.76495000
14354.07083787 0.76513000
14403.91309876 0.76484000
14453.75535964 0.76503000
14503.59762052 0.76537000
14553.43988140 0.76561000
14603.28214228 0.76577000
14653.12440316 0.76593000
14702.96666404 0.76636000
14752.80892493 0.76636000
14802.65118581 0.76678000
14852.49344669 0.76689000
14902.33570757 0.76739000
14952.17796845 0.76755000
15002.02022933 0.76766000
15051.86249022 0.76825000
15101.70475110 0.76865000
15151.54701198 0.76907000
15201.38927286 0.76976000
15251.23153374 0.76998000
15301.07379462 0.77067000
15350.91605550 0.77136000
15400.75831639 0.77187000
15450.60057727 0.77240000
15500.44283815 0.77280000
15550.28509903 0.77320000
15600.12735991 0.77344000
15649.96962079 0.77405000
15699.81188168 0.77434000
15749.65414256 0.77466000
15799.49640344 0.77522000
15849.33866432 0.77589000
15899.18092520 0.77674000
15949.02318608 0.77780000
15998.86544696 0.77884000
16048.70770785 0.77998000
16098.54996873 0.78100000
16148.39222961 0.78209000
16198.23449049 0.78358000
16248.07675137 0.78509000
16297.91901225 0.78619000
16347.76127314 0.78722000
16397.60353402 0.78818000
16447.44579490 0.78906000
16497.28805578 0.79015000
16547.13031666 0.79066000
16596.97257754 0.79156000
16646.81483842 0.79239000
16696.65709931 0.79276000
16746.49936019 0.79311000
16796.34162107 0.79380000
16846.18388195 0.79409000
16896.02614283 0.79430000
16945.86840371 0.79497000
16995.71066459 0.79550000
17045.55292548 0.79579000
17095.39518636 0.79537000
17145.23744724 0.79436000
17195.07970812 0.79127000
17244.92196900 0.78536000
17294.76422988 0.77538000
17344.60649077 0.75933000
17394.44875165 0.73500000
17444.29101253 0.70125000
17494.13327341 0.65590000
17543.97553429 0.59981000
17593.81779517 0.53354000
17643.66005605 0.46015000
17693.50231694 0.38347000
17743.34457782 0.30780000
17793.18683870 0.23748000
17843.02909958 0.17546000
17892.87136046 0.12401000
17942.71362134 0.08363000
17992.55588223 0.05379000
18042.39814311 0.03295000
18092.24040399 0.01919000
18142.08266487 0.01062000
18191.92492575 0.00559000
18241.76718663 0.00279000
18291.60944751 0.00130000
18341.45170840 0.00059000
18391.29396928 0.00024000
18441.13623016 0.00011000
18490.97849104 0.00003000
18540.82075192 0.00003000
