# wave trans
13134.12950351 0.00003000
13184.06987764 0.00008000
13234.01025178 0.00024000
13283.95062591 0.00075000
13333.89100005 0.00202000
13383.83137419 0.00503000
13433.77174832 0.01145000
13483.71212246 0.02398000
13533.65249659 0.04613000
13583.59287073 0.08185000
13633.53324487 0.13407000
13683.47361900 0.20373000
13733.41399314 0.28813000
13783.35436727 0.38092000
13833.29474141 0.47421000
13883.23511555 0.55901000
13933.17548968 0.62912000
13983.11586382 0.68185000
14033.05623795 0.71759000
14082.99661209 0.73966000
14132.93698623 0.75206000
14182.87736036 0.75872000
14232.81773450 0.76242000
14282.75810863 0.76396000
14332.69848277 0.76495000
14382.63885691 0.76513000
14432.57923104 0.76484000
14482.51960518 0.76503000
14532.45997931 0.76537000
14582.40035345 0.76561000
14632.34072759 0.76577000
14682.28110172 0.76593000
14732.22147586 0.76636000
14782.16184999 0.76636000
14832.10222413 0.76678000
14882.04259827 0.76689000
14931.98297240 0.76739000
14981.92334654 0.76755000
15031.86372067 0.76766000
15081.80409481 0.76825000
15131.74446895 0.76865000
15181.68484308 0.76907000
15231.62521722 0.76976000
15281.56559135 0.76998000
15331.50596549 0.77067000
15381.44633963 0.77136000
15431.38671376 0.77187000
15481.32708790 0.77240000
15531.26746203 0.77280000
15581.20783617 0.77320000
15631.14821030 0.77344000
15681.08858444 0.77405000
15731.02895858 0.77434000
15780.96933271 0.77466000
15830.90970685 0.77522000
15880.85008098 0.77589000
15930.79045512 0.77674000
15980.73082926 0.77780000
16030.67120339 0.77884000
16080.61157753 0.77998000
16130.55195166 0.78100000
16180.49232580 0.78209000
16230.43269994 0.78358000
16280.37307407 0.78509000
16330.31344821 0.78619000
16380.25382234 0.78722000
16430.19419648 0.78818000
16480.13457062 0.78906000
16530.07494475 0.79015000
16580.01531889 0.79066000
16629.95569302 0.79156000
16679.89606716 0.79239000
16729.83644130 0.79276000
16779.77681543 0.79311000
16829.71718957 0.79380000
16879.65756370 0.79409000
16929.59793784 0.79430000
16979.53831198 0.79497000
17029.47868611 0.79550000
17079.41906025 0.79579000
17129.35943438 0.79537000
17179.29980852 0.79436000
17229.24018266 0.79127000
17279.18055679 0.78536000
17329.12093093 0.77538000
17379.06130506 0.75933000
17429.00167920 0.73500000
17478.94205334 0.70125000
17528.88242747 0.65590000
17578.82280161 0.59981000
17628.76317574 0.53354000
17678.70354988 0.46015000
17728.64392402 0.38347000
17778.58429815 0.30780000
17828.52467229 0.23748000
17878.46504642 0.17546000
17928.40542056 0.12401000
17978.34579470 0.08363000
18028.28616883 0.05379000
18078.22654297 0.03295000
18128.16691710 0.01919000
18178.10729124 0.01062000
18228.04766537 0.00559000
18277.98803951 0.00279000
18327.92841365 0.00130000
18377.86878778 0.00059000
18427.80916192 0.00024000
18477.74953605 0.00011000
18527.68991019 0.00003000
18577.63028433 0.00003000
