# wave trans
13129.51561538 0.00003000
13179.43865518 0.00008000
13229.36169497 0.00024000
13279.28473477 0.00075000
13329.20777456 0.00202000
13379.13081436 0.00503000
13429.05385416 0.01145000
13478.97689395 0.02398000
13528.89993375 0.04613000
13578.82297354 0.08185000
13628.74601334 0.13407000
13678.66905314 0.20373000
13728.59209293 0.28813000
13778.51513273 0.38092000
13828.43817252 0.47421000
13878.36121232 0.55901000
13928.28425211 0.62912000
13978.20729191 0.68185000
14028.13033171 0.71759000
14078.05337150 0.73966000
14127.97641130 0.75206000
14177.89945109 0.75872000
14227.82249089 0.76242000
14277.74553068 0.76396000
14327.66857048 0.76495000
14377.59161028 0.76513000
14427.51465007 0.76484000
14477.43768987 0.76503000
14527.36072966 0.76537000
14577.28376946 0.76561000
14627.20680926 0.76577000
14677.12984905 0.76593000
14727.05288885 0.76636000
14776.97592864 0.76636000
14826.89896844 0.76678000
14876.82200823 0.76689000
14926.74504803 0.76739000
14976.66808783 0.76755000
15026.59112762 0.76766000
15076.51416742 0.76825000
15126.43720721 0.76865000
15176.36024701 0.76907000
15226.28328681 0.76976000
15276.20632660 0.76998000
15326.12936640 0.77067000
15376.05240619 0.77136000
15425.97544599 0.77187000
15475.89848578 0.77240000
15525.82152558 0.77280000
15575.74456538 0.77320000
15625.66760517 0.77344000
15675.59064497 0.77405000
15725.51368476 0.77434000
15775.43672456 0.77466000
15825.35976436 0.77522000
15875.28280415 0.77589000
15925.20584395 0.77674000
15975.12888374 0.77780000
16025.05192354 0.77884000
16074.97496333 0.77998000
16124.89800313 0.78100000
16174.82104293 0.78209000
16224.74408272 0.78358000
16274.66712252 0.78509000
16324.59016231 0.78619000
16374.51320211 0.78722000
16424.43624191 0.78818000
16474.35928170 0.78906000
16524.28232150 0.79015000
16574.20536129 0.79066000
16624.12840109 0.79156000
16674.05144088 0.79239000
16723.97448068 0.79276000
16773.89752048 0.79311000
16823.82056027 0.79380000
16873.74360007 0.79409000
16923.66663986 0.79430000
16973.58967966 0.79497000
17023.51271946 0.79550000
17073.43575925 0.79579000
17123.35879905 0.79537000
17173.28183884 0.79436000
17223.20487864 0.79127000
17273.12791843 0.78536000
17323.05095823 0.77538000
17372.97399803 0.75933000
17422.89703782 0.73500000
17472.82007762 0.70125000
17522.74311741 0.65590000
17572.66615721 0.59981000
17622.58919701 0.53354000
17672.51223680 0.46015000
17722.43527660 0.38347000
17772.35831639 0.30780000
17822.28135619 0.23748000
17872.20439598 0.17546000
17922.12743578 0.12401000
17972.05047558 0.08363000
18021.97351537 0.05379000
18071.89655517 0.03295000
18121.81959496 0.01919000
18171.74263476 0.01062000
18221.66567456 0.00559000
18271.58871435 0.00279000
18321.51175415 0.00130000
18371.43479394 0.00059000
18421.35783374 0.00024000
18471.28087353 0.00011000
18521.20391333 0.00003000
18571.12695313 0.00003000
