# wave trans
13117.79973548 0.00003000
13167.67875926 0.00008000
13217.55778304 0.00024000
13267.43680682 0.00075000
13317.31583060 0.00202000
13367.19485438 0.00503000
13417.07387816 0.01145000
13466.95290194 0.02398000
13516.83192572 0.04613000
13566.71094950 0.08185000
13616.58997328 0.13407000
13666.46899706 0.20373000
13716.34802084 0.28813000
13766.22704462 0.38092000
13816.10606840 0.47421000
13865.98509218 0.55901000
13915.86411596 0.62912000
13965.74313974 0.68185000
14015.62216352 0.71759000
14065.50118730 0.73966000
14115.38021108 0.75206000
14165.25923486 0.75872000
14215.13825864 0.76242000
14265.01728242 0.76396000
14314.89630620 0.76495000
14364.77532998 0.76513000
14414.65435376 0.76484000
14464.53337754 0.76503000
14514.41240132 0.76537000
14564.29142510 0.76561000
14614.17044888 0.76577000
14664.04947267 0.76593000
14713.92849645 0.76636000
14763.80752023 0.76636000
14813.68654401 0.76678000
14863.56556779 0.76689000
14913.44459157 0.76739000
14963.32361535 0.76755000
15013.20263913 0.76766000
15063.08166291 0.76825000
15112.96068669 0.76865000
15162.83971047 0.76907000
15212.71873425 0.76976000
15262.59775803 0.76998000
15312.47678181 0.77067000
15362.35580559 0.77136000
15412.23482937 0.77187000
15462.11385315 0.77240000
15511.99287693 0.77280000
15561.87190071 0.77320000
15611.75092449 0.77344000
15661.62994827 0.77405000
15711.50897205 0.77434000
15761.38799583 0.77466000
15811.26701961 0.77522000
15861.14604339 0.77589000
15911.02506717 0.77674000
15960.90409095 0.77780000
16010.78311473 0.77884000
16060.66213851 0.77998000
16110.54116229 0.78100000
16160.42018607 0.78209000
16210.29920985 0.78358000
16260.17823363 0.78509000
16310.05725741 0.78619000
16359.93628119 0.78722000
16409.81530497 0.78818000
16459.69432875 0.78906000
16509.57335253 0.79015000
16559.45237631 0.79066000
16609.33140009 0.79156000
16659.21042387 0.79239000
16709.08944765 0.79276000
16758.96847143 0.79311000
16808.84749521 0.79380000
16858.72651899 0.79409000
16908.60554277 0.79430000
16958.48456655 0.79497000
17008.36359033 0.79550000
17058.24261411 0.79579000
17108.12163789 0.79537000
17158.00066167 0.79436000
17207.87968545 0.79127000
17257.75870923 0.78536000
17307.63773301 0.77538000
17357.51675679 0.75933000
17407.39578057 0.73500000
17457.27480435 0.70125000
17507.15382813 0.65590000
17557.03285191 0.59981000
17606.91187569 0.53354000
17656.79089947 0.46015000
17706.66992325 0.38347000
17756.54894703 0.30780000
17806.42797081 0.23748000
17856.30699459 0.17546000
17906.18601837 0.12401000
17956.06504215 0.08363000
18005.94406594 0.05379000
18055.82308972 0.03295000
18105.70211350 0.01919000
18155.58113728 0.01062000
18205.46016106 0.00559000
18255.33918484 0.00279000
18305.21820862 0.00130000
18355.09723240 0.00059000
18404.97625618 0.00024000
18454.85527996 0.00011000
18504.73430374 0.00003000
18554.61332752 0.00003000
