# wave trans
13094.76197015 0.00003000
13144.55444388 0.00008000
13194.34691761 0.00024000
13244.13939134 0.00075000
13293.93186507 0.00202000
13343.72433880 0.00503000
13393.51681253 0.01145000
13443.30928626 0.02398000
13493.10175999 0.04613000
13542.89423372 0.08185000
13592.68670745 0.13407000
13642.47918118 0.20373000
13692.27165491 0.28813000
13742.06412864 0.38092000
13791.85660237 0.47421000
13841.64907610 0.55901000
13891.44154983 0.62912000
13941.23402356 0.68185000
13991.02649729 0.71759000
14040.81897101 0.73966000
14090.61144474 0.75206000
14140.40391847 0.75872000
14190.19639220 0.76242000
14239.98886593 0.76396000
14289.78133966 0.76495000
14339.57381339 0.76513000
14389.36628712 0.76484000
14439.15876085 0.76503000
14488.95123458 0.76537000
14538.74370831 0.76561000
14588.53618204 0.76577000
14638.32865577 0.76593000
14688.12112950 0.76636000
14737.91360323 0.76636000
14787.70607696 0.76678000
14837.49855069 0.76689000
14887.29102442 0.76739000
14937.08349815 0.76755000
14986.87597188 0.76766000
15036.66844561 0.76825000
15086.46091934 0.76865000
15136.25339307 0.76907000
15186.04586680 0.76976000
15235.83834053 0.76998000
15285.63081426 0.77067000
15335.42328799 0.77136000
15385.21576172 0.77187000
15435.00823545 0.77240000
15484.80070918 0.77280000
15534.59318291 0.77320000
15584.38565663 0.77344000
15634.17813036 0.77405000
15683.97060409 0.77434000
15733.76307782 0.77466000
15783.55555155 0.77522000
15833.34802528 0.77589000
15883.14049901 0.77674000
15932.93297274 0.77780000
15982.72544647 0.77884000
16032.51792020 0.77998000
16082.31039393 0.78100000
16132.10286766 0.78209000
16181.89534139 0.78358000
16231.68781512 0.78509000
16281.48028885 0.78619000
16331.27276258 0.78722000
16381.06523631 0.78818000
16430.85771004 0.78906000
16480.65018377 0.79015000
16530.44265750 0.79066000
16580.23513123 0.79156000
16630.02760496 0.79239000
16679.82007869 0.79276000
16729.61255242 0.79311000
16779.40502615 0.79380000
16829.19749988 0.79409000
16878.98997361 0.79430000
16928.78244734 0.79497000
16978.57492107 0.79550000
17028.36739480 0.79579000
17078.15986853 0.79537000
17127.95234226 0.79436000
17177.74481598 0.79127000
17227.53728971 0.78536000
17277.32976344 0.77538000
17327.12223717 0.75933000
17376.91471090 0.73500000
17426.70718463 0.70125000
17476.49965836 0.65590000
17526.29213209 0.59981000
17576.08460582 0.53354000
17625.87707955 0.46015000
17675.66955328 0.38347000
17725.46202701 0.30780000
17775.25450074 0.23748000
17825.04697447 0.17546000
17874.83944820 0.12401000
17924.63192193 0.08363000
17974.42439566 0.05379000
18024.21686939 0.03295000
18074.00934312 0.01919000
18123.80181685 0.01062000
18173.59429058 0.00559000
18223.38676431 0.00279000
18273.17923804 0.00130000
18322.97171177 0.00059000
18372.76418550 0.00024000
18422.55665923 0.00011000
18472.34913296 0.00003000
18522.14160669 0.00003000
