# wave trans
13155.42139429 0.00003000
13205.44176285 0.00008000
13255.46213140 0.00024000
13305.48249996 0.00075000
13355.50286851 0.00202000
13405.52323706 0.00503000
13455.54360562 0.01145000
13505.56397417 0.02398000
13555.58434272 0.04613000
13605.60471128 0.08185000
13655.62507983 0.13407000
13705.64544839 0.20373000
13755.66581694 0.28813000
13805.68618549 0.38092000
13855.70655405 0.47421000
13905.72692260 0.55901000
13955.74729115 0.62912000
14005.76765971 0.68185000
14055.78802826 0.71759000
14105.80839682 0.73966000
14155.82876537 0.75206000
14205.84913392 0.75872000
14255.86950248 0.76242000
14305.88987103 0.76396000
14355.91023958 0.76495000
14405.93060814 0.76513000
14455.95097669 0.76484000
14505.97134525 0.76503000
14555.99171380 0.76537000
14606.01208235 0.76561000
14656.03245091 0.76577000
14706.05281946 0.76593000
14756.07318801 0.76636000
14806.09355657 0.76636000
14856.11392512 0.76678000
14906.13429368 0.76689000
14956.15466223 0.76739000
15006.17503078 0.76755000
15056.19539934 0.76766000
15106.21576789 0.76825000
15156.23613644 0.76865000
15206.25650500 0.76907000
15256.27687355 0.76976000
15306.29724211 0.76998000
15356.31761066 0.77067000
15406.33797921 0.77136000
15456.35834777 0.77187000
15506.37871632 0.77240000
15556.39908488 0.77280000
15606.41945343 0.77320000
15656.43982198 0.77344000
15706.46019054 0.77405000
15756.48055909 0.77434000
15806.50092764 0.77466000
15856.52129620 0.77522000
15906.54166475 0.77589000
15956.56203331 0.77674000
16006.58240186 0.77780000
16056.60277041 0.77884000
16106.62313897 0.77998000
16156.64350752 0.78100000
16206.66387607 0.78209000
16256.68424463 0.78358000
16306.70461318 0.78509000
16356.72498174 0.78619000
16406.74535029 0.78722000
16456.76571884 0.78818000
16506.78608740 0.78906000
16556.80645595 0.79015000
16606.82682450 0.79066000
16656.84719306 0.79156000
16706.86756161 0.79239000
16756.88793017 0.79276000
16806.90829872 0.79311000
16856.92866727 0.79380000
16906.94903583 0.79409000
16956.96940438 0.79430000
17006.98977293 0.79497000
17057.01014149 0.79550000
17107.03051004 0.79579000
17157.05087860 0.79537000
17207.07124715 0.79436000
17257.09161570 0.79127000
17307.11198426 0.78536000
17357.13235281 0.77538000
17407.15272137 0.75933000
17457.17308992 0.73500000
17507.19345847 0.70125000
17557.21382703 0.65590000
17607.23419558 0.59981000
17657.25456413 0.53354000
17707.27493269 0.46015000
17757.29530124 0.38347000
17807.31566980 0.30780000
17857.33603835 0.23748000
17907.35640690 0.17546000
17957.37677546 0.12401000
18007.39714401 0.08363000
18057.41751256 0.05379000
18107.43788112 0.03295000
18157.45824967 0.01919000
18207.47861823 0.01062000
18257.49898678 0.00559000
18307.51935533 0.00279000
18357.53972389 0.00130000
18407.56009244 0.00059000
18457.58046099 0.00024000
18507.60082955 0.00011000
18557.62119810 0.00003000
18607.64156666 0.00003000
