# wave trans
13135.54495075 0.00003000
13185.49064273 0.00008000
13235.43633470 0.00024000
13285.38202668 0.00075000
13335.32771866 0.00202000
13385.27341064 0.00503000
13435.21910262 0.01145000
13485.16479459 0.02398000
13535.11048657 0.04613000
13585.05617855 0.08185000
13635.00187053 0.13407000
13684.94756251 0.20373000
13734.89325448 0.28813000
13784.83894646 0.38092000
13834.78463844 0.47421000
13884.73033042 0.55901000
13934.67602240 0.62912000
13984.62171437 0.68185000
14034.56740635 0.71759000
14084.51309833 0.73966000
14134.45879031 0.75206000
14184.40448229 0.75872000
14234.35017426 0.76242000
14284.29586624 0.76396000
14334.24155822 0.76495000
14384.18725020 0.76513000
14434.13294218 0.76484000
14484.07863415 0.76503000
14534.02432613 0.76537000
14583.97001811 0.76561000
14633.91571009 0.76577000
14683.86140207 0.76593000
14733.80709404 0.76636000
14783.75278602 0.76636000
14833.69847800 0.76678000
14883.64416998 0.76689000
14933.58986196 0.76739000
14983.53555393 0.76755000
15033.48124591 0.76766000
15083.42693789 0.76825000
15133.37262987 0.76865000
15183.31832185 0.76907000
15233.26401382 0.76976000
15283.20970580 0.76998000
15333.15539778 0.77067000
15383.10108976 0.77136000
15433.04678174 0.77187000
15482.99247371 0.77240000
15532.93816569 0.77280000
15582.88385767 0.77320000
15632.82954965 0.77344000
15682.77524163 0.77405000
15732.72093360 0.77434000
15782.66662558 0.77466000
15832.61231756 0.77522000
15882.55800954 0.77589000
15932.50370152 0.77674000
15982.44939349 0.77780000
16032.39508547 0.77884000
16082.34077745 0.77998000
16132.28646943 0.78100000
16182.23216141 0.78209000
16232.17785338 0.78358000
16282.12354536 0.78509000
16332.06923734 0.78619000
16382.01492932 0.78722000
16431.96062130 0.78818000
16481.90631327 0.78906000
16531.85200525 0.79015000
16581.79769723 0.79066000
16631.74338921 0.79156000
16681.68908119 0.79239000
16731.63477316 0.79276000
16781.58046514 0.79311000
16831.52615712 0.79380000
16881.47184910 0.79409000
16931.41754108 0.79430000
16981.36323305 0.79497000
17031.30892503 0.79550000
17081.25461701 0.79579000
17131.20030899 0.79537000
17181.14600097 0.79436000
17231.09169295 0.79127000
17281.03738492 0.78536000
17330.98307690 0.77538000
17380.92876888 0.75933000
17430.87446086 0.73500000
17480.82015284 0.70125000
17530.76584481 0.65590000
17580.71153679 0.59981000
17630.65722877 0.53354000
17680.60292075 0.46015000
17730.54861273 0.38347000
17780.49430470 0.30780000
17830.43999668 0.23748000
17880.38568866 0.17546000
17930.33138064 0.12401000
17980.27707262 0.08363000
18030.22276459 0.05379000
18080.16845657 0.03295000
18130.11414855 0.01919000
18180.05984053 0.01062000
18230.00553251 0.00559000
18279.95122448 0.00279000
18329.89691646 0.00130000
18379.84260844 0.00059000
18429.78830042 0.00024000
18479.73399240 0.00011000
18529.67968437 0.00003000
18579.62537635 0.00003000
