# wave trans
13103.61956353 0.00003000
13153.44531387 0.00008000
13203.27106420 0.00024000
13253.09681453 0.00075000
13302.92256487 0.00202000
13352.74831520 0.00503000
13402.57406554 0.01145000
13452.39981587 0.02398000
13502.22556620 0.04613000
13552.05131654 0.08185000
13601.87706687 0.13407000
13651.70281721 0.20373000
13701.52856754 0.28813000
13751.35431787 0.38092000
13801.18006821 0.47421000
13851.00581854 0.55901000
13900.83156887 0.62912000
13950.65731921 0.68185000
14000.48306954 0.71759000
14050.30881988 0.73966000
14100.13457021 0.75206000
14149.96032054 0.75872000
14199.78607088 0.76242000
14249.61182121 0.76396000
14299.43757155 0.76495000
14349.26332188 0.76513000
14399.08907221 0.76484000
14448.91482255 0.76503000
14498.74057288 0.76537000
14548.56632322 0.76561000
14598.39207355 0.76577000
14648.21782388 0.76593000
14698.04357422 0.76636000
14747.86932455 0.76636000
14797.69507489 0.76678000
14847.52082522 0.76689000
14897.34657555 0.76739000
14947.17232589 0.76755000
14996.99807622 0.76766000
15046.82382656 0.76825000
15096.64957689 0.76865000
15146.47532722 0.76907000
15196.30107756 0.76976000
15246.12682789 0.76998000
15295.95257822 0.77067000
15345.77832856 0.77136000
15395.60407889 0.77187000
15445.42982923 0.77240000
15495.25557956 0.77280000
15545.08132989 0.77320000
15594.90708023 0.77344000
15644.73283056 0.77405000
15694.55858090 0.77434000
15744.38433123 0.77466000
15794.21008156 0.77522000
15844.03583190 0.77589000
15893.86158223 0.77674000
15943.68733257 0.77780000
15993.51308290 0.77884000
16043.33883323 0.77998000
16093.16458357 0.78100000
16142.99033390 0.78209000
16192.81608424 0.78358000
16242.64183457 0.78509000
16292.46758490 0.78619000
16342.29333524 0.78722000
16392.11908557 0.78818000
16441.94483591 0.78906000
16491.77058624 0.79015000
16541.59633657 0.79066000
16591.42208691 0.79156000
16641.24783724 0.79239000
16691.07358757 0.79276000
16740.89933791 0.79311000
16790.72508824 0.79380000
16840.55083858 0.79409000
16890.37658891 0.79430000
16940.20233924 0.79497000
16990.02808958 0.79550000
17039.85383991 0.79579000
17089.67959025 0.79537000
17139.50534058 0.79436000
17189.33109091 0.79127000
17239.15684125 0.78536000
17288.98259158 0.77538000
17338.80834192 0.75933000
17388.63409225 0.73500000
17438.45984258 0.70125000
17488.28559292 0.65590000
17538.11134325 0.59981000
17587.93709359 0.53354000
17637.76284392 0.46015000
17687.58859425 0.38347000
17737.41434459 0.30780000
17787.24009492 0.23748000
17837.06584526 0.17546000
17886.89159559 0.12401000
17936.71734592 0.08363000
17986.54309626 0.05379000
18036.36884659 0.03295000
18086.19459693 0.01919000
18136.02034726 0.01062000
18185.84609759 0.00559000
18235.67184793 0.00279000
18285.49759826 0.00130000
18335.32334859 0.00059000
18385.14909893 0.00024000
18434.97484926 0.00011000
18484.80059960 0.00003000
18534.62634993 0.00003000
