# wave trans
13137.01104600 0.00003000
13186.96224609 0.00008000
13236.91344618 0.00024000
13286.86464627 0.00075000
13336.81584636 0.00202000
13386.76704645 0.00503000
13436.71824654 0.01145000
13486.66944663 0.02398000
13536.62064672 0.04613000
13586.57184681 0.08185000
13636.52304690 0.13407000
13686.47424699 0.20373000
13736.42544708 0.28813000
13786.37664717 0.38092000
13836.32784726 0.47421000
13886.27904735 0.55901000
13936.23024744 0.62912000
13986.18144752 0.68185000
14036.13264761 0.71759000
14086.08384770 0.73966000
14136.03504779 0.75206000
14185.98624788 0.75872000
14235.93744797 0.76242000
14285.88864806 0.76396000
14335.83984815 0.76495000
14385.79104824 0.76513000
14435.74224833 0.76484000
14485.69344842 0.76503000
14535.64464851 0.76537000
14585.59584860 0.76561000
14635.54704869 0.76577000
14685.49824878 0.76593000
14735.44944887 0.76636000
14785.40064896 0.76636000
14835.35184905 0.76678000
14885.30304914 0.76689000
14935.25424923 0.76739000
14985.20544932 0.76755000
15035.15664941 0.76766000
15085.10784950 0.76825000
15135.05904959 0.76865000
15185.01024968 0.76907000
15234.96144977 0.76976000
15284.91264986 0.76998000
15334.86384995 0.77067000
15384.81505004 0.77136000
15434.76625013 0.77187000
15484.71745022 0.77240000
15534.66865031 0.77280000
15584.61985040 0.77320000
15634.57105049 0.77344000
15684.52225058 0.77405000
15734.47345067 0.77434000
15784.42465076 0.77466000
15834.37585085 0.77522000
15884.32705094 0.77589000
15934.27825103 0.77674000
15984.22945112 0.77780000
16034.18065121 0.77884000
16084.13185130 0.77998000
16134.08305139 0.78100000
16184.03425148 0.78209000
16233.98545157 0.78358000
16283.93665166 0.78509000
16333.88785175 0.78619000
16383.83905184 0.78722000
16433.79025193 0.78818000
16483.74145202 0.78906000
16533.69265211 0.79015000
16583.64385220 0.79066000
16633.59505229 0.79156000
16683.54625238 0.79239000
16733.49745247 0.79276000
16783.44865256 0.79311000
16833.39985265 0.79380000
16883.35105274 0.79409000
16933.30225283 0.79430000
16983.25345292 0.79497000
17033.20465301 0.79550000
17083.15585310 0.79579000
17133.10705319 0.79537000
17183.05825328 0.79436000
17233.00945337 0.79127000
17282.96065346 0.78536000
17332.91185355 0.77538000
17382.86305364 0.75933000
17432.81425373 0.73500000
17482.76545382 0.70125000
17532.71665391 0.65590000
17582.66785400 0.59981000
17632.61905408 0.53354000
17682.57025417 0.46015000
17732.52145426 0.38347000
17782.47265435 0.30780000
17832.42385444 0.23748000
17882.37505453 0.17546000
17932.32625462 0.12401000
17982.27745471 0.08363000
18032.22865480 0.05379000
18082.17985489 0.03295000
18132.13105498 0.01919000
18182.08225507 0.01062000
18232.03345516 0.00559000
18281.98465525 0.00279000
18331.93585534 0.00130000
18381.88705543 0.00059000
18431.83825552 0.00024000
18481.78945561 0.00011000
18531.74065570 0.00003000
18581.69185579 0.00003000
