# wave trans
8809.79731168 0.00003000
8859.57304429 0.00024000
8909.34877690 0.00117000
8959.12450950 0.00474000
9008.90024211 0.01581000
9058.67597472 0.04363000
9108.45170732 0.10037000
9158.22743993 0.19425000
9208.00317254 0.31999000
9257.77890514 0.45669000
9307.55463775 0.57732000
9357.33037036 0.66298000
9407.10610297 0.71235000
9456.88183557 0.73508000
9506.65756818 0.74347000
9556.43330079 0.74594000
9606.20903339 0.74578000
9655.98476600 0.74544000
9705.76049861 0.74448000
9755.53623122 0.74389000
9805.31196382 0.74293000
9855.08769643 0.74187000
9904.86342904 0.74128000
9954.63916164 0.74038000
10004.41489425 0.73993000
10054.19062686 0.73953000
10103.96635946 0.73915000
10153.74209207 0.73881000
10203.51782468 0.73849000
10253.29355729 0.73822000
10303.06928989 0.73758000
10352.84502250 0.73745000
10402.62075511 0.73732000
10452.39648771 0.73726000
10502.17222032 0.73729000
10551.94795293 0.73737000
10601.72368553 0.73750000
10651.49941814 0.73769000
10701.27515075 0.73790000
10751.05088336 0.73814000
10800.82661596 0.73878000
10850.60234857 0.73897000
10900.37808118 0.73918000
10950.15381378 0.73974000
10999.92954639 0.73937000
11049.70527900 0.73937000
11099.48101161 0.73971000
11149.25674421 0.74003000
11199.03247682 0.73995000
11248.80820943 0.74035000
11298.58394203 0.74051000
11348.35967464 0.74067000
11398.13540725 0.74056000
11447.91113985 0.74035000
11497.68687246 0.73857000
11547.46260507 0.73372000
11597.23833768 0.72284000
11647.01407028 0.70019000
11696.78980289 0.66069000
11746.56553550 0.59933000
11796.34126810 0.51546000
11846.11700071 0.41533000
11895.89273332 0.30974000
11945.66846592 0.21158000
11995.44419853 0.13138000
12045.21993114 0.07376000
12094.99566375 0.03721000
12144.77139635 0.01680000
12194.54712896 0.00676000
12244.32286157 0.00242000
12294.09859417 0.00077000
12343.87432678 0.00021000
12393.65005939 0.00005000
