# wave trans
8838.45069972 0.00003000
8888.38627131 0.00024000
8938.32184289 0.00117000
8988.25741448 0.00474000
9038.19298607 0.01581000
9088.12855765 0.04363000
9138.06412924 0.10037000
9187.99970083 0.19425000
9237.93527241 0.31999000
9287.87084400 0.45669000
9337.80641559 0.57732000
9387.74198717 0.66298000
9437.67755876 0.71235000
9487.61313035 0.73508000
9537.54870193 0.74347000
9587.48427352 0.74594000
9637.41984511 0.74578000
9687.35541669 0.74544000
9737.29098828 0.74448000
9787.22655987 0.74389000
9837.16213145 0.74293000
9887.09770304 0.74187000
9937.03327463 0.74128000
9986.96884621 0.74038000
10036.90441780 0.73993000
10086.83998939 0.73953000
10136.77556097 0.73915000
10186.71113256 0.73881000
10236.64670415 0.73849000
10286.58227573 0.73822000
10336.51784732 0.73758000
10386.45341891 0.73745000
10436.38899049 0.73732000
10486.32456208 0.73726000
10536.26013367 0.73729000
10586.19570525 0.73737000
10636.13127684 0.73750000
10686.06684843 0.73769000
10736.00242001 0.73790000
10785.93799160 0.73814000
10835.87356318 0.73878000
10885.80913477 0.73897000
10935.74470636 0.73918000
10985.68027794 0.73974000
11035.61584953 0.73937000
11085.55142112 0.73937000
11135.48699270 0.73971000
11185.42256429 0.74003000
11235.35813588 0.73995000
11285.29370746 0.74035000
11335.22927905 0.74051000
11385.16485064 0.74067000
11435.10042222 0.74056000
11485.03599381 0.74035000
11534.97156540 0.73857000
11584.90713698 0.73372000
11634.84270857 0.72284000
11684.77828016 0.70019000
11734.71385174 0.66069000
11784.64942333 0.59933000
11834.58499492 0.51546000
11884.52056650 0.41533000
11934.45613809 0.30974000
11984.39170968 0.21158000
12034.32728126 0.13138000
12084.26285285 0.07376000
12134.19842444 0.03721000
12184.13399602 0.01680000
12234.06956761 0.00676000
12284.00513920 0.00242000
12333.94071078 0.00077000
12383.87628237 0.00021000
12433.81185396 0.00005000
