# wave trans
8814.60579330 0.00003000
8864.40834875 0.00024000
8914.21090420 0.00117000
8964.01345965 0.00474000
9013.81601510 0.01581000
9063.61857055 0.04363000
9113.42112600 0.10037000
9163.22368145 0.19425000
9213.02623690 0.31999000
9262.82879235 0.45669000
9312.63134780 0.57732000
9362.43390325 0.66298000
9412.23645870 0.71235000
9462.03901415 0.73508000
9511.84156960 0.74347000
9561.64412505 0.74594000
9611.44668050 0.74578000
9661.24923595 0.74544000
9711.05179140 0.74448000
9760.85434685 0.74389000
9810.65690230 0.74293000
9860.45945775 0.74187000
9910.26201320 0.74128000
9960.06456865 0.74038000
10009.86712410 0.73993000
10059.66967955 0.73953000
10109.47223500 0.73915000
10159.27479045 0.73881000
10209.07734590 0.73849000
10258.87990135 0.73822000
10308.68245680 0.73758000
10358.48501225 0.73745000
10408.28756770 0.73732000
10458.09012315 0.73726000
10507.89267860 0.73729000
10557.69523405 0.73737000
10607.49778950 0.73750000
10657.30034495 0.73769000
10707.10290040 0.73790000
10756.90545585 0.73814000
10806.70801130 0.73878000
10856.51056675 0.73897000
10906.31312220 0.73918000
10956.11567765 0.73974000
11005.91823310 0.73937000
11055.72078855 0.73937000
11105.52334400 0.73971000
11155.32589945 0.74003000
11205.12845490 0.73995000
11254.93101035 0.74035000
11304.73356579 0.74051000
11354.53612124 0.74067000
11404.33867669 0.74056000
11454.14123214 0.74035000
11503.94378759 0.73857000
11553.74634304 0.73372000
11603.54889849 0.72284000
11653.35145394 0.70019000
11703.15400939 0.66069000
11752.95656484 0.59933000
11802.75912029 0.51546000
11852.56167574 0.41533000
11902.36423119 0.30974000
11952.16678664 0.21158000
12001.96934209 0.13138000
12051.77189754 0.07376000
12101.57445299 0.03721000
12151.37700844 0.01680000
12201.17956389 0.00676000
12250.98211934 0.00242000
12300.78467479 0.00077000
12350.58723024 0.00021000
12400.38978569 0.00005000
