# wave trans
8819.44376248 0.00003000
8869.27330553 0.00024000
8919.10284858 0.00117000
8968.93239163 0.00474000
9018.76193469 0.01581000
9068.59147774 0.04363000
9118.42102079 0.10037000
9168.25056385 0.19425000
9218.08010690 0.31999000
9267.90964995 0.45669000
9317.73919301 0.57732000
9367.56873606 0.66298000
9417.39827911 0.71235000
9467.22782217 0.73508000
9517.05736522 0.74347000
9566.88690827 0.74594000
9616.71645132 0.74578000
9666.54599438 0.74544000
9716.37553743 0.74448000
9766.20508048 0.74389000
9816.03462354 0.74293000
9865.86416659 0.74187000
9915.69370964 0.74128000
9965.52325270 0.74038000
10015.35279575 0.73993000
10065.18233880 0.73953000
10115.01188186 0.73915000
10164.84142491 0.73881000
10214.67096796 0.73849000
10264.50051101 0.73822000
10314.33005407 0.73758000
10364.15959712 0.73745000
10413.98914017 0.73732000
10463.81868323 0.73726000
10513.64822628 0.73729000
10563.47776933 0.73737000
10613.30731239 0.73750000
10663.13685544 0.73769000
10712.96639849 0.73790000
10762.79594155 0.73814000
10812.62548460 0.73878000
10862.45502765 0.73897000
10912.28457071 0.73918000
10962.11411376 0.73974000
11011.94365681 0.73937000
11061.77319986 0.73937000
11111.60274292 0.73971000
11161.43228597 0.74003000
11211.26182902 0.73995000
11261.09137208 0.74035000
11310.92091513 0.74051000
11360.75045818 0.74067000
11410.58000124 0.74056000
11460.40954429 0.74035000
11510.23908734 0.73857000
11560.06863040 0.73372000
11609.89817345 0.72284000
11659.72771650 0.70019000
11709.55725955 0.66069000
11759.38680261 0.59933000
11809.21634566 0.51546000
11859.04588871 0.41533000
11908.87543177 0.30974000
11958.70497482 0.21158000
12008.53451787 0.13138000
12058.36406093 0.07376000
12108.19360398 0.03721000
12158.02314703 0.01680000
12207.85269009 0.00676000
12257.68223314 0.00242000
12307.51177619 0.00077000
12357.34131924 0.00021000
12407.17086230 0.00005000
