# wave trans
8835.09290533 0.00003000
8885.00974546 0.00024000
8934.92658560 0.00117000
8984.84342574 0.00474000
9034.76026588 0.01581000
9084.67710602 0.04363000
9134.59394616 0.10037000
9184.51078630 0.19425000
9234.42762644 0.31999000
9284.34446658 0.45669000
9334.26130672 0.57732000
9384.17814686 0.66298000
9434.09498700 0.71235000
9484.01182714 0.73508000
9533.92866728 0.74347000
9583.84550742 0.74594000
9633.76234755 0.74578000
9683.67918769 0.74544000
9733.59602783 0.74448000
9783.51286797 0.74389000
9833.42970811 0.74293000
9883.34654825 0.74187000
9933.26338839 0.74128000
9983.18022853 0.74038000
10033.09706867 0.73993000
10083.01390881 0.73953000
10132.93074895 0.73915000
10182.84758909 0.73881000
10232.76442923 0.73849000
10282.68126937 0.73822000
10332.59810951 0.73758000
10382.51494965 0.73745000
10432.43178978 0.73732000
10482.34862992 0.73726000
10532.26547006 0.73729000
10582.18231020 0.73737000
10632.09915034 0.73750000
10682.01599048 0.73769000
10731.93283062 0.73790000
10781.84967076 0.73814000
10831.76651090 0.73878000
10881.68335104 0.73897000
10931.60019118 0.73918000
10981.51703132 0.73974000
11031.43387146 0.73937000
11081.35071160 0.73937000
11131.26755174 0.73971000
11181.18439188 0.74003000
11231.10123201 0.73995000
11281.01807215 0.74035000
11330.93491229 0.74051000
11380.85175243 0.74067000
11430.76859257 0.74056000
11480.68543271 0.74035000
11530.60227285 0.73857000
11580.51911299 0.73372000
11630.43595313 0.72284000
11680.35279327 0.70019000
11730.26963341 0.66069000
11780.18647355 0.59933000
11830.10331369 0.51546000
11880.02015383 0.41533000
11929.93699397 0.30974000
11979.85383411 0.21158000
12029.77067424 0.13138000
12079.68751438 0.07376000
12129.60435452 0.03721000
12179.52119466 0.01680000
12229.43803480 0.00676000
12279.35487494 0.00242000
12329.27171508 0.00077000
12379.18855522 0.00021000
12429.10539536 0.00005000
