# wave trans
8839.48078310 0.00003000
8889.42210103 0.00024000
8939.36341895 0.00117000
8989.30473688 0.00474000
9039.24605481 0.01581000
9089.18737274 0.04363000
9139.12869066 0.10037000
9189.07000859 0.19425000
9239.01132652 0.31999000
9288.95264444 0.45669000
9338.89396237 0.57732000
9388.83528030 0.66298000
9438.77659822 0.71235000
9488.71791615 0.73508000
9538.65923408 0.74347000
9588.60055200 0.74594000
9638.54186993 0.74578000
9688.48318786 0.74544000
9738.42450579 0.74448000
9788.36582371 0.74389000
9838.30714164 0.74293000
9888.24845957 0.74187000
9938.18977749 0.74128000
9988.13109542 0.74038000
10038.07241335 0.73993000
10088.01373127 0.73953000
10137.95504920 0.73915000
10187.89636713 0.73881000
10237.83768506 0.73849000
10287.77900298 0.73822000
10337.72032091 0.73758000
10387.66163884 0.73745000
10437.60295676 0.73732000
10487.54427469 0.73726000
10537.48559262 0.73729000
10587.42691054 0.73737000
10637.36822847 0.73750000
10687.30954640 0.73769000
10737.25086432 0.73790000
10787.19218225 0.73814000
10837.13350018 0.73878000
10887.07481811 0.73897000
10937.01613603 0.73918000
10986.95745396 0.73974000
11036.89877189 0.73937000
11086.84008981 0.73937000
11136.78140774 0.73971000
11186.72272567 0.74003000
11236.66404359 0.73995000
11286.60536152 0.74035000
11336.54667945 0.74051000
11386.48799737 0.74067000
11436.42931530 0.74056000
11486.37063323 0.74035000
11536.31195116 0.73857000
11586.25326908 0.73372000
11636.19458701 0.72284000
11686.13590494 0.70019000
11736.07722286 0.66069000
11786.01854079 0.59933000
11835.95985872 0.51546000
11885.90117664 0.41533000
11935.84249457 0.30974000
11985.78381250 0.21158000
12035.72513043 0.13138000
12085.66644835 0.07376000
12135.60776628 0.03721000
12185.54908421 0.01680000
12235.49040213 0.00676000
12285.43172006 0.00242000
12335.37303799 0.00077000
12385.31435591 0.00021000
12435.25567384 0.00005000
