# wave trans
8841.65414217 0.00003000
8891.60758423 0.00024000
8941.56102628 0.00117000
8991.51446834 0.00474000
9041.46791039 0.01581000
9091.42135245 0.04363000
9141.37479450 0.10037000
9191.32823656 0.19425000
9241.28167861 0.31999000
9291.23512067 0.45669000
9341.18856272 0.57732000
9391.14200478 0.66298000
9441.09544683 0.71235000
9491.04888888 0.73508000
9541.00233094 0.74347000
9590.95577299 0.74594000
9640.90921505 0.74578000
9690.86265710 0.74544000
9740.81609916 0.74448000
9790.76954121 0.74389000
9840.72298327 0.74293000
9890.67642532 0.74187000
9940.62986738 0.74128000
9990.58330943 0.74038000
10040.53675149 0.73993000
10090.49019354 0.73953000
10140.44363560 0.73915000
10190.39707765 0.73881000
10240.35051971 0.73849000
10290.30396176 0.73822000
10340.25740382 0.73758000
10390.21084587 0.73745000
10440.16428793 0.73732000
10490.11772998 0.73726000
10540.07117204 0.73729000
10590.02461409 0.73737000
10639.97805614 0.73750000
10689.93149820 0.73769000
10739.88494025 0.73790000
10789.83838231 0.73814000
10839.79182436 0.73878000
10889.74526642 0.73897000
10939.69870847 0.73918000
10989.65215053 0.73974000
11039.60559258 0.73937000
11089.55903464 0.73937000
11139.51247669 0.73971000
11189.46591875 0.74003000
11239.41936080 0.73995000
11289.37280286 0.74035000
11339.32624491 0.74051000
11389.27968697 0.74067000
11439.23312902 0.74056000
11489.18657108 0.74035000
11539.14001313 0.73857000
11589.09345519 0.73372000
11639.04689724 0.72284000
11689.00033930 0.70019000
11738.95378135 0.66069000
11788.90722340 0.59933000
11838.86066546 0.51546000
11888.81410751 0.41533000
11938.76754957 0.30974000
11988.72099162 0.21158000
12038.67443368 0.13138000
12088.62787573 0.07376000
12138.58131779 0.03721000
12188.53475984 0.01680000
12238.48820190 0.00676000
12288.44164395 0.00242000
12338.39508601 0.00077000
12388.34852806 0.00021000
12438.30197012 0.00005000
