# wave trans
8835.71572565 0.00003000
8885.63604018 0.00024000
8935.55635470 0.00117000
8985.47666923 0.00474000
9035.39698376 0.01581000
9085.31729828 0.04363000
9135.23761281 0.10037000
9185.15792733 0.19425000
9235.07824186 0.31999000
9284.99855639 0.45669000
9334.91887091 0.57732000
9384.83918544 0.66298000
9434.75949996 0.71235000
9484.67981449 0.73508000
9534.60012901 0.74347000
9584.52044354 0.74594000
9634.44075807 0.74578000
9684.36107259 0.74544000
9734.28138712 0.74448000
9784.20170164 0.74389000
9834.12201617 0.74293000
9884.04233069 0.74187000
9933.96264522 0.74128000
9983.88295975 0.74038000
10033.80327427 0.73993000
10083.72358880 0.73953000
10133.64390332 0.73915000
10183.56421785 0.73881000
10233.48453238 0.73849000
10283.40484690 0.73822000
10333.32516143 0.73758000
10383.24547595 0.73745000
10433.16579048 0.73732000
10483.08610500 0.73726000
10533.00641953 0.73729000
10582.92673406 0.73737000
10632.84704858 0.73750000
10682.76736311 0.73769000
10732.68767763 0.73790000
10782.60799216 0.73814000
10832.52830668 0.73878000
10882.44862121 0.73897000
10932.36893574 0.73918000
10982.28925026 0.73974000
11032.20956479 0.73937000
11082.12987931 0.73937000
11132.05019384 0.73971000
11181.97050837 0.74003000
11231.89082289 0.73995000
11281.81113742 0.74035000
11331.73145194 0.74051000
11381.65176647 0.74067000
11431.57208099 0.74056000
11481.49239552 0.74035000
11531.41271005 0.73857000
11581.33302457 0.73372000
11631.25333910 0.72284000
11681.17365362 0.70019000
11731.09396815 0.66069000
11781.01428267 0.59933000
11830.93459720 0.51546000
11880.85491173 0.41533000
11930.77522625 0.30974000
11980.69554078 0.21158000
12030.61585530 0.13138000
12080.53616983 0.07376000
12130.45648436 0.03721000
12180.37679888 0.01680000
12230.29711341 0.00676000
12280.21742793 0.00242000
12330.13774246 0.00077000
12380.05805698 0.00021000
12429.97837151 0.00005000
