# wave trans
8826.56609260 0.00003000
8876.43536649 0.00024000
8926.30464039 0.00117000
8976.17391429 0.00474000
9026.04318819 0.01581000
9075.91246209 0.04363000
9125.78173599 0.10037000
9175.65100989 0.19425000
9225.52028379 0.31999000
9275.38955769 0.45669000
9325.25883158 0.57732000
9375.12810548 0.66298000
9424.99737938 0.71235000
9474.86665328 0.73508000
9524.73592718 0.74347000
9574.60520108 0.74594000
9624.47447498 0.74578000
9674.34374888 0.74544000
9724.21302278 0.74448000
9774.08229667 0.74389000
9823.95157057 0.74293000
9873.82084447 0.74187000
9923.69011837 0.74128000
9973.55939227 0.74038000
10023.42866617 0.73993000
10073.29794007 0.73953000
10123.16721397 0.73915000
10173.03648787 0.73881000
10222.90576176 0.73849000
10272.77503566 0.73822000
10322.64430956 0.73758000
10372.51358346 0.73745000
10422.38285736 0.73732000
10472.25213126 0.73726000
10522.12140516 0.73729000
10571.99067906 0.73737000
10621.85995296 0.73750000
10671.72922685 0.73769000
10721.59850075 0.73790000
10771.46777465 0.73814000
10821.33704855 0.73878000
10871.20632245 0.73897000
10921.07559635 0.73918000
10970.94487025 0.73974000
11020.81414415 0.73937000
11070.68341805 0.73937000
11120.55269194 0.73971000
11170.42196584 0.74003000
11220.29123974 0.73995000
11270.16051364 0.74035000
11320.02978754 0.74051000
11369.89906144 0.74067000
11419.76833534 0.74056000
11469.63760924 0.74035000
11519.50688314 0.73857000
11569.37615703 0.73372000
11619.24543093 0.72284000
11669.11470483 0.70019000
11718.98397873 0.66069000
11768.85325263 0.59933000
11818.72252653 0.51546000
11868.59180043 0.41533000
11918.46107433 0.30974000
11968.33034823 0.21158000
12018.19962212 0.13138000
12068.06889602 0.07376000
12117.93816992 0.03721000
12167.80744382 0.01680000
12217.67671772 0.00676000
12267.54599162 0.00242000
12317.41526552 0.00077000
12367.28453942 0.00021000
12417.15381332 0.00005000
