# wave trans
8853.94500961 0.00003000
8903.96701736 0.00024000
8953.98902511 0.00117000
9004.01103286 0.00474000
9054.03304061 0.01581000
9104.05504836 0.04363000
9154.07705611 0.10037000
9204.09906386 0.19425000
9254.12107161 0.31999000
9304.14307936 0.45669000
9354.16508711 0.57732000
9404.18709486 0.66298000
9454.20910261 0.71235000
9504.23111036 0.73508000
9554.25311811 0.74347000
9604.27512586 0.74594000
9654.29713361 0.74578000
9704.31914136 0.74544000
9754.34114911 0.74448000
9804.36315686 0.74389000
9854.38516461 0.74293000
9904.40717236 0.74187000
9954.42918011 0.74128000
10004.45118786 0.74038000
10054.47319561 0.73993000
10104.49520336 0.73953000
10154.51721111 0.73915000
10204.53921886 0.73881000
10254.56122661 0.73849000
10304.58323435 0.73822000
10354.60524210 0.73758000
10404.62724985 0.73745000
10454.64925760 0.73732000
10504.67126535 0.73726000
10554.69327310 0.73729000
10604.71528085 0.73737000
10654.73728860 0.73750000
10704.75929635 0.73769000
10754.78130410 0.73790000
10804.80331185 0.73814000
10854.82531960 0.73878000
10904.84732735 0.73897000
10954.86933510 0.73918000
11004.89134285 0.73974000
11054.91335060 0.73937000
11104.93535835 0.73937000
11154.95736610 0.73971000
11204.97937385 0.74003000
11255.00138160 0.73995000
11305.02338935 0.74035000
11355.04539710 0.74051000
11405.06740485 0.74067000
11455.08941260 0.74056000
11505.11142035 0.74035000
11555.13342810 0.73857000
11605.15543585 0.73372000
11655.17744360 0.72284000
11705.19945135 0.70019000
11755.22145910 0.66069000
11805.24346685 0.59933000
11855.26547460 0.51546000
11905.28748235 0.41533000
11955.30949010 0.30974000
12005.33149785 0.21158000
12055.35350560 0.13138000
12105.37551335 0.07376000
12155.39752110 0.03721000
12205.41952885 0.01680000
12255.44153660 0.00676000
12305.46354435 0.00242000
12355.48555210 0.00077000
12405.50755985 0.00021000
12455.52956760 0.00005000
