# wave trans
8816.24490426 0.00003000
8866.05660312 0.00024000
8915.86830197 0.00117000
8965.68000083 0.00474000
9015.49169969 0.01581000
9065.30339855 0.04363000
9115.11509740 0.10037000
9164.92679626 0.19425000
9214.73849512 0.31999000
9264.55019398 0.45669000
9314.36189283 0.57732000
9364.17359169 0.66298000
9413.98529055 0.71235000
9463.79698940 0.73508000
9513.60868826 0.74347000
9563.42038712 0.74594000
9613.23208598 0.74578000
9663.04378483 0.74544000
9712.85548369 0.74448000
9762.66718255 0.74389000
9812.47888141 0.74293000
9862.29058026 0.74187000
9912.10227912 0.74128000
9961.91397798 0.74038000
10011.72567683 0.73993000
10061.53737569 0.73953000
10111.34907455 0.73915000
10161.16077341 0.73881000
10210.97247226 0.73849000
10260.78417112 0.73822000
10310.59586998 0.73758000
10360.40756884 0.73745000
10410.21926769 0.73732000
10460.03096655 0.73726000
10509.84266541 0.73729000
10559.65436427 0.73737000
10609.46606312 0.73750000
10659.27776198 0.73769000
10709.08946084 0.73790000
10758.90115969 0.73814000
10808.71285855 0.73878000
10858.52455741 0.73897000
10908.33625627 0.73918000
10958.14795512 0.73974000
11007.95965398 0.73937000
11057.77135284 0.73937000
11107.58305170 0.73971000
11157.39475055 0.74003000
11207.20644941 0.73995000
11257.01814827 0.74035000
11306.82984712 0.74051000
11356.64154598 0.74067000
11406.45324484 0.74056000
11456.26494370 0.74035000
11506.07664255 0.73857000
11555.88834141 0.73372000
11605.70004027 0.72284000
11655.51173913 0.70019000
11705.32343798 0.66069000
11755.13513684 0.59933000
11804.94683570 0.51546000
11854.75853456 0.41533000
11904.57023341 0.30974000
11954.38193227 0.21158000
12004.19363113 0.13138000
12054.00532998 0.07376000
12103.81702884 0.03721000
12153.62872770 0.01680000
12203.44042656 0.00676000
12253.25212541 0.00242000
12303.06382427 0.00077000
12352.87552313 0.00021000
12402.68722199 0.00005000
