# wave trans
8853.46997924 0.00003000
8903.48933696 0.00024000
8953.50869468 0.00117000
9003.52805241 0.00474000
9053.54741013 0.01581000
9103.56676785 0.04363000
9153.58612558 0.10037000
9203.60548330 0.19425000
9253.62484102 0.31999000
9303.64419874 0.45669000
9353.66355647 0.57732000
9403.68291419 0.66298000
9453.70227191 0.71235000
9503.72162964 0.73508000
9553.74098736 0.74347000
9603.76034508 0.74594000
9653.77970280 0.74578000
9703.79906053 0.74544000
9753.81841825 0.74448000
9803.83777597 0.74389000
9853.85713370 0.74293000
9903.87649142 0.74187000
9953.89584914 0.74128000
10003.91520686 0.74038000
10053.93456459 0.73993000
10103.95392231 0.73953000
10153.97328003 0.73915000
10203.99263775 0.73881000
10254.01199548 0.73849000
10304.03135320 0.73822000
10354.05071092 0.73758000
10404.07006865 0.73745000
10454.08942637 0.73732000
10504.10878409 0.73726000
10554.12814181 0.73729000
10604.14749954 0.73737000
10654.16685726 0.73750000
10704.18621498 0.73769000
10754.20557271 0.73790000
10804.22493043 0.73814000
10854.24428815 0.73878000
10904.26364587 0.73897000
10954.28300360 0.73918000
11004.30236132 0.73974000
11054.32171904 0.73937000
11104.34107677 0.73937000
11154.36043449 0.73971000
11204.37979221 0.74003000
11254.39914993 0.73995000
11304.41850766 0.74035000
11354.43786538 0.74051000
11404.45722310 0.74067000
11454.47658082 0.74056000
11504.49593855 0.74035000
11554.51529627 0.73857000
11604.53465399 0.73372000
11654.55401172 0.72284000
11704.57336944 0.70019000
11754.59272716 0.66069000
11804.61208488 0.59933000
11854.63144261 0.51546000
11904.65080033 0.41533000
11954.67015805 0.30974000
12004.68951578 0.21158000
12054.70887350 0.13138000
12104.72823122 0.07376000
12154.74758894 0.03721000
12204.76694667 0.01680000
12254.78630439 0.00676000
12304.80566211 0.00242000
12354.82501984 0.00077000
12404.84437756 0.00021000
12454.86373528 0.00005000
