# wave trans
8811.49025528 0.00003000
8861.27543147 0.00024000
8911.06060767 0.00117000
8960.84578387 0.00474000
9010.63096006 0.01581000
9060.41613626 0.04363000
9110.20131246 0.10037000
9159.98648865 0.19425000
9209.77166485 0.31999000
9259.55684105 0.45669000
9309.34201725 0.57732000
9359.12719344 0.66298000
9408.91236964 0.71235000
9458.69754584 0.73508000
9508.48272203 0.74347000
9558.26789823 0.74594000
9608.05307443 0.74578000
9657.83825062 0.74544000
9707.62342682 0.74448000
9757.40860302 0.74389000
9807.19377922 0.74293000
9856.97895541 0.74187000
9906.76413161 0.74128000
9956.54930781 0.74038000
10006.33448400 0.73993000
10056.11966020 0.73953000
10105.90483640 0.73915000
10155.69001259 0.73881000
10205.47518879 0.73849000
10255.26036499 0.73822000
10305.04554119 0.73758000
10354.83071738 0.73745000
10404.61589358 0.73732000
10454.40106978 0.73726000
10504.18624597 0.73729000
10553.97142217 0.73737000
10603.75659837 0.73750000
10653.54177456 0.73769000
10703.32695076 0.73790000
10753.11212696 0.73814000
10802.89730316 0.73878000
10852.68247935 0.73897000
10902.46765555 0.73918000
10952.25283175 0.73974000
11002.03800794 0.73937000
11051.82318414 0.73937000
11101.60836034 0.73971000
11151.39353653 0.74003000
11201.17871273 0.73995000
11250.96388893 0.74035000
11300.74906513 0.74051000
11350.53424132 0.74067000
11400.31941752 0.74056000
11450.10459372 0.74035000
11499.88976991 0.73857000
11549.67494611 0.73372000
11599.46012231 0.72284000
11649.24529850 0.70019000
11699.03047470 0.66069000
11748.81565090 0.59933000
11798.60082710 0.51546000
11848.38600329 0.41533000
11898.17117949 0.30974000
11947.95635569 0.21158000
11997.74153188 0.13138000
12047.52670808 0.07376000
12097.31188428 0.03721000
12147.09706047 0.01680000
12196.88223667 0.00676000
12246.66741287 0.00242000
12296.45258907 0.00077000
12346.23776526 0.00021000
12396.02294146 0.00005000
