# wave trans
8840.54774154 0.00003000
8890.49501149 0.00024000
8940.44228145 0.00117000
8990.38955141 0.00474000
9040.33682136 0.01581000
9090.28409132 0.04363000
9140.23136128 0.10037000
9190.17863123 0.19425000
9240.12590119 0.31999000
9290.07317115 0.45669000
9340.02044110 0.57732000
9389.96771106 0.66298000
9439.91498102 0.71235000
9489.86225097 0.73508000
9539.80952093 0.74347000
9589.75679089 0.74594000
9639.70406084 0.74578000
9689.65133080 0.74544000
9739.59860076 0.74448000
9789.54587071 0.74389000
9839.49314067 0.74293000
9889.44041063 0.74187000
9939.38768058 0.74128000
9989.33495054 0.74038000
10039.28222050 0.73993000
10089.22949045 0.73953000
10139.17676041 0.73915000
10189.12403037 0.73881000
10239.07130032 0.73849000
10289.01857028 0.73822000
10338.96584024 0.73758000
10388.91311019 0.73745000
10438.86038015 0.73732000
10488.80765011 0.73726000
10538.75492006 0.73729000
10588.70219002 0.73737000
10638.64945998 0.73750000
10688.59672993 0.73769000
10738.54399989 0.73790000
10788.49126985 0.73814000
10838.43853980 0.73878000
10888.38580976 0.73897000
10938.33307972 0.73918000
10988.28034967 0.73974000
11038.22761963 0.73937000
11088.17488959 0.73937000
11138.12215954 0.73971000
11188.06942950 0.74003000
11238.01669946 0.73995000
11287.96396941 0.74035000
11337.91123937 0.74051000
11387.85850933 0.74067000
11437.80577928 0.74056000
11487.75304924 0.74035000
11537.70031920 0.73857000
11587.64758915 0.73372000
11637.59485911 0.72284000
11687.54212907 0.70019000
11737.48939902 0.66069000
11787.43666898 0.59933000
11837.38393894 0.51546000
11887.33120889 0.41533000
11937.27847885 0.30974000
11987.22574881 0.21158000
12037.17301876 0.13138000
12087.12028872 0.07376000
12137.06755868 0.03721000
12187.01482863 0.01680000
12236.96209859 0.00676000
12286.90936855 0.00242000
12336.85663850 0.00077000
12386.80390846 0.00021000
12436.75117842 0.00005000
