# wave trans
8850.00000000 0.00003000
8900.00000000 0.00024000
8950.00000000 0.00117000
9000.00000000 0.00474000
9050.00000000 0.01581000
9100.00000000 0.04363000
9150.00000000 0.10037000
9200.00000000 0.19425000
9250.00000000 0.31999000
9300.00000000 0.45669000
9350.00000000 0.57732000
9400.00000000 0.66298000
9450.00000000 0.71235000
9500.00000000 0.73508000
9550.00000000 0.74347000
9600.00000000 0.74594000
9650.00000000 0.74578000
9700.00000000 0.74544000
9750.00000000 0.74448000
9800.00000000 0.74389000
9850.00000000 0.74293000
9900.00000000 0.74187000
9950.00000000 0.74128000
10000.00000000 0.74038000
10050.00000000 0.73993000
10100.00000000 0.73953000
10150.00000000 0.73915000
10200.00000000 0.73881000
10250.00000000 0.73849000
10300.00000000 0.73822000
10350.00000000 0.73758000
10400.00000000 0.73745000
10450.00000000 0.73732000
10500.00000000 0.73726000
10550.00000000 0.73729000
10600.00000000 0.73737000
10650.00000000 0.73750000
10700.00000000 0.73769000
10750.00000000 0.73790000
10800.00000000 0.73814000
10850.00000000 0.73878000
10900.00000000 0.73897000
10950.00000000 0.73918000
11000.00000000 0.73974000
11050.00000000 0.73937000
11100.00000000 0.73937000
11150.00000000 0.73971000
11200.00000000 0.74003000
11250.00000000 0.73995000
11300.00000000 0.74035000
11350.00000000 0.74051000
11400.00000000 0.74067000
11450.00000000 0.74056000
11500.00000000 0.74035000
11550.00000000 0.73857000
11600.00000000 0.73372000
11650.00000000 0.72284000
11700.00000000 0.70019000
11750.00000000 0.66069000
11800.00000000 0.59933000
11850.00000000 0.51546000
11900.00000000 0.41533000
11950.00000000 0.30974000
12000.00000000 0.21158000
12050.00000000 0.13138000
12100.00000000 0.07376000
12150.00000000 0.03721000
12200.00000000 0.01680000
12250.00000000 0.00676000
12300.00000000 0.00242000
12350.00000000 0.00077000
12400.00000000 0.00021000
12450.00000000 0.00005000
