# wave trans
8828.48236522 0.00003000
8878.36232885 0.00024000
8928.24229248 0.00117000
8978.12225611 0.00474000
9028.00221974 0.01581000
9077.88218337 0.04363000
9127.76214700 0.10037000
9177.64211063 0.19425000
9227.52207426 0.31999000
9277.40203789 0.45669000
9327.28200153 0.57732000
9377.16196516 0.66298000
9427.04192879 0.71235000
9476.92189242 0.73508000
9526.80185605 0.74347000
9576.68181968 0.74594000
9626.56178331 0.74578000
9676.44174694 0.74544000
9726.32171057 0.74448000
9776.20167420 0.74389000
9826.08163783 0.74293000
9875.96160146 0.74187000
9925.84156510 0.74128000
9975.72152873 0.74038000
10025.60149236 0.73993000
10075.48145599 0.73953000
10125.36141962 0.73915000
10175.24138325 0.73881000
10225.12134688 0.73849000
10275.00131051 0.73822000
10324.88127414 0.73758000
10374.76123777 0.73745000
10424.64120140 0.73732000
10474.52116503 0.73726000
10524.40112866 0.73729000
10574.28109230 0.73737000
10624.16105593 0.73750000
10674.04101956 0.73769000
10723.92098319 0.73790000
10773.80094682 0.73814000
10823.68091045 0.73878000
10873.56087408 0.73897000
10923.44083771 0.73918000
10973.32080134 0.73974000
11023.20076497 0.73937000
11073.08072860 0.73937000
11122.96069223 0.73971000
11172.84065586 0.74003000
11222.72061950 0.73995000
11272.60058313 0.74035000
11322.48054676 0.74051000
11372.36051039 0.74067000
11422.24047402 0.74056000
11472.12043765 0.74035000
11522.00040128 0.73857000
11571.88036491 0.73372000
11621.76032854 0.72284000
11671.64029217 0.70019000
11721.52025580 0.66069000
11771.40021943 0.59933000
11821.28018306 0.51546000
11871.16014670 0.41533000
11921.04011033 0.30974000
11970.92007396 0.21158000
12020.80003759 0.13138000
12070.68000122 0.07376000
12120.55996485 0.03721000
12170.43992848 0.01680000
12220.31989211 0.00676000
12270.19985574 0.00242000
12320.07981937 0.00077000
12369.95978300 0.00021000
12419.83974663 0.00005000
