# wave trans
8812.92820198 0.00003000
8862.72139942 0.00024000
8912.51459686 0.00117000
8962.30779430 0.00474000
9012.10099175 0.01581000
9061.89418919 0.04363000
9111.68738663 0.10037000
9161.48058407 0.19425000
9211.27378152 0.31999000
9261.06697896 0.45669000
9310.86017640 0.57732000
9360.65337384 0.66298000
9410.44657128 0.71235000
9460.23976873 0.73508000
9510.03296617 0.74347000
9559.82616361 0.74594000
9609.61936105 0.74578000
9659.41255850 0.74544000
9709.20575594 0.74448000
9758.99895338 0.74389000
9808.79215082 0.74293000
9858.58534827 0.74187000
9908.37854571 0.74128000
9958.17174315 0.74038000
10007.96494059 0.73993000
10057.75813803 0.73953000
10107.55133548 0.73915000
10157.34453292 0.73881000
10207.13773036 0.73849000
10256.93092780 0.73822000
10306.72412525 0.73758000
10356.51732269 0.73745000
10406.31052013 0.73732000
10456.10371757 0.73726000
10505.89691501 0.73729000
10555.69011246 0.73737000
10605.48330990 0.73750000
10655.27650734 0.73769000
10705.06970478 0.73790000
10754.86290223 0.73814000
10804.65609967 0.73878000
10854.44929711 0.73897000
10904.24249455 0.73918000
10954.03569200 0.73974000
11003.82888944 0.73937000
11053.62208688 0.73937000
11103.41528432 0.73971000
11153.20848176 0.74003000
11203.00167921 0.73995000
11252.79487665 0.74035000
11302.58807409 0.74051000
11352.38127153 0.74067000
11402.17446898 0.74056000
11451.96766642 0.74035000
11501.76086386 0.73857000
11551.55406130 0.73372000
11601.34725874 0.72284000
11651.14045619 0.70019000
11700.93365363 0.66069000
11750.72685107 0.59933000
11800.52004851 0.51546000
11850.31324596 0.41533000
11900.10644340 0.30974000
11949.89964084 0.21158000
11999.69283828 0.13138000
12049.48603573 0.07376000
12099.27923317 0.03721000
12149.07243061 0.01680000
12198.86562805 0.00676000
12248.65882549 0.00242000
12298.45202294 0.00077000
12348.24522038 0.00021000
12398.03841782 0.00005000
