# wave trans
4583.97218098 0.00008000
4633.79109725 0.00138000
4683.61001352 0.01384000
4733.42892979 0.06875000
4783.24784606 0.18344000
4833.06676233 0.29492000
4882.88567860 0.34485000
4932.70459487 0.35339000
4982.52351113 0.35249000
5032.34242740 0.35329000
5082.16134367 0.35629000
5131.98025994 0.36125000
5181.79917621 0.36803000
5231.61809248 0.37647000
5281.43700875 0.38611000
5331.25592502 0.39707000
5381.07484128 0.40900000
5430.89375755 0.42137000
5480.71267382 0.43455000
5530.53159009 0.44823000
5580.35050636 0.46303000
5630.16942263 0.47847000
5679.98833890 0.49430000
5729.80725517 0.51019000
5779.62617143 0.52571000
5829.44508770 0.54054000
5879.26400397 0.55433000
5929.08292024 0.56665000
5978.90183651 0.57719000
6028.72075278 0.58507000
6078.53966905 0.59188000
6128.35858532 0.59726000
6178.17750158 0.60173000
6227.99641785 0.60570000
6277.81533412 0.61017000
6327.63425039 0.61384000
6377.45316666 0.61669000
6427.27208293 0.61876000
6477.09099920 0.61994000
6526.90991546 0.62018000
6576.72883173 0.61919000
6626.54774800 0.61821000
6676.36666427 0.61672000
6726.18558054 0.61549000
6776.00449681 0.61581000
6825.82341308 0.61618000
6875.64232935 0.61664000
6925.46124561 0.61685000
6975.28016188 0.61669000
7025.09907815 0.61541000
7074.91799442 0.61379000
7124.73691069 0.61216000
7174.55582696 0.61086000
7224.37474323 0.61025000
7274.19365950 0.60985000
7324.01257576 0.60849000
7373.83149203 0.60330000
7423.65040830 0.58501000
7473.46932457 0.53625000
7523.28824084 0.44464000
7573.10715711 0.31589000
7622.92607338 0.18390000
7672.74498965 0.08470000
7722.56390591 0.03010000
7772.38282218 0.00809000
7822.20173845 0.00162000
7872.02065472 0.00024000
7921.83957099 0.00003000
