# wave trans
4577.23546242 0.00008000
4626.97826273 0.00138000
4676.72106304 0.01384000
4726.46386335 0.06875000
4776.20666366 0.18344000
4825.94946397 0.29492000
4875.69226428 0.34485000
4925.43506459 0.35339000
4975.17786489 0.35249000
5024.92066520 0.35329000
5074.66346551 0.35629000
5124.40626582 0.36125000
5174.14906613 0.36803000
5223.89186644 0.37647000
5273.63466675 0.38611000
5323.37746706 0.39707000
5373.12026737 0.40900000
5422.86306768 0.42137000
5472.60586799 0.43455000
5522.34866830 0.44823000
5572.09146861 0.46303000
5621.83426892 0.47847000
5671.57706923 0.49430000
5721.31986954 0.51019000
5771.06266985 0.52571000
5820.80547016 0.54054000
5870.54827047 0.55433000
5920.29107078 0.56665000
5970.03387109 0.57719000
6019.77667140 0.58507000
6069.51947170 0.59188000
6119.26227201 0.59726000
6169.00507232 0.60173000
6218.74787263 0.60570000
6268.49067294 0.61017000
6318.23347325 0.61384000
6367.97627356 0.61669000
6417.71907387 0.61876000
6467.46187418 0.61994000
6517.20467449 0.62018000
6566.94747480 0.61919000
6616.69027511 0.61821000
6666.43307542 0.61672000
6716.17587573 0.61549000
6765.91867604 0.61581000
6815.66147635 0.61618000
6865.40427666 0.61664000
6915.14707697 0.61685000
6964.88987728 0.61669000
7014.63267759 0.61541000
7064.37547790 0.61379000
7114.11827820 0.61216000
7163.86107851 0.61086000
7213.60387882 0.61025000
7263.34667913 0.60985000
7313.08947944 0.60849000
7362.83227975 0.60330000
7412.57508006 0.58501000
7462.31788037 0.53625000
7512.06068068 0.44464000
7561.80348099 0.31589000
7611.54628130 0.18390000
7661.28908161 0.08470000
7711.03188192 0.03010000
7760.77468223 0.00809000
7810.51748254 0.00162000
7860.26028285 0.00024000
7910.00308316 0.00003000
