# wave trans
4573.62859523 0.00008000
4623.33064180 0.00138000
4673.03268837 0.01384000
4722.73473494 0.06875000
4772.43678151 0.18344000
4822.13882808 0.29492000
4871.84087464 0.34485000
4921.54292121 0.35339000
4971.24496778 0.35249000
5020.94701435 0.35329000
5070.64906092 0.35629000
5120.35110749 0.36125000
5170.05315406 0.36803000
5219.75520062 0.37647000
5269.45724719 0.38611000
5319.15929376 0.39707000
5368.86134033 0.40900000
5418.56338690 0.42137000
5468.26543347 0.43455000
5517.96748004 0.44823000
5567.66952660 0.46303000
5617.37157317 0.47847000
5667.07361974 0.49430000
5716.77566631 0.51019000
5766.47771288 0.52571000
5816.17975945 0.54054000
5865.88180601 0.55433000
5915.58385258 0.56665000
5965.28589915 0.57719000
6014.98794572 0.58507000
6064.68999229 0.59188000
6114.39203886 0.59726000
6164.09408543 0.60173000
6213.79613199 0.60570000
6263.49817856 0.61017000
6313.20022513 0.61384000
6362.90227170 0.61669000
6412.60431827 0.61876000
6462.30636484 0.61994000
6512.00841141 0.62018000
6561.71045797 0.61919000
6611.41250454 0.61821000
6661.11455111 0.61672000
6710.81659768 0.61549000
6760.51864425 0.61581000
6810.22069082 0.61618000
6859.92273739 0.61664000
6909.62478395 0.61685000
6959.32683052 0.61669000
7009.02887709 0.61541000
7058.73092366 0.61379000
7108.43297023 0.61216000
7158.13501680 0.61086000
7207.83706337 0.61025000
7257.53910993 0.60985000
7307.24115650 0.60849000
7356.94320307 0.60330000
7406.64524964 0.58501000
7456.34729621 0.53625000
7506.04934278 0.44464000
7555.75138935 0.31589000
7605.45343591 0.18390000
7655.15548248 0.08470000
7704.85752905 0.03010000
7754.55957562 0.00809000
7804.26162219 0.00162000
7853.96366876 0.00024000
7903.66571532 0.00003000
