# wave trans
4582.54415374 0.00008000
4632.34693541 0.00138000
4682.14971708 0.01384000
4731.95249875 0.06875000
4781.75528043 0.18344000
4831.55806210 0.29492000
4881.36084377 0.34485000
4931.16362544 0.35339000
4980.96640711 0.35249000
5030.76918878 0.35329000
5080.57197045 0.35629000
5130.37475212 0.36125000
5180.17753379 0.36803000
5229.98031546 0.37647000
5279.78309713 0.38611000
5329.58587881 0.39707000
5379.38866048 0.40900000
5429.19144215 0.42137000
5478.99422382 0.43455000
5528.79700549 0.44823000
5578.59978716 0.46303000
5628.40256883 0.47847000
5678.20535050 0.49430000
5728.00813217 0.51019000
5777.81091384 0.52571000
5827.61369551 0.54054000
5877.41647719 0.55433000
5927.21925886 0.56665000
5977.02204053 0.57719000
6026.82482220 0.58507000
6076.62760387 0.59188000
6126.43038554 0.59726000
6176.23316721 0.60173000
6226.03594888 0.60570000
6275.83873055 0.61017000
6325.64151222 0.61384000
6375.44429389 0.61669000
6425.24707557 0.61876000
6475.04985724 0.61994000
6524.85263891 0.62018000
6574.65542058 0.61919000
6624.45820225 0.61821000
6674.26098392 0.61672000
6724.06376559 0.61549000
6773.86654726 0.61581000
6823.66932893 0.61618000
6873.47211060 0.61664000
6923.27489228 0.61685000
6973.07767395 0.61669000
7022.88045562 0.61541000
7072.68323729 0.61379000
7122.48601896 0.61216000
7172.28880063 0.61086000
7222.09158230 0.61025000
7271.89436397 0.60985000
7321.69714564 0.60849000
7371.49992731 0.60330000
7421.30270898 0.58501000
7471.10549066 0.53625000
7520.90827233 0.44464000
7570.71105400 0.31589000
7620.51383567 0.18390000
7670.31661734 0.08470000
7720.11939901 0.03010000
7769.92218068 0.00809000
7819.72496235 0.00162000
7869.52774402 0.00024000
7919.33052569 0.00003000
