# wave trans
4591.39882999 0.00008000
4641.30165467 0.00138000
4691.20447934 0.01384000
4741.10730401 0.06875000
4791.01012868 0.18344000
4840.91295335 0.29492000
4890.81577803 0.34485000
4940.71860270 0.35339000
4990.62142737 0.35249000
5040.52425204 0.35329000
5090.42707671 0.35629000
5140.32990138 0.36125000
5190.23272606 0.36803000
5240.13555073 0.37647000
5290.03837540 0.38611000
5339.94120007 0.39707000
5389.84402474 0.40900000
5439.74684942 0.42137000
5489.64967409 0.43455000
5539.55249876 0.44823000
5589.45532343 0.46303000
5639.35814810 0.47847000
5689.26097278 0.49430000
5739.16379745 0.51019000
5789.06662212 0.52571000
5838.96944679 0.54054000
5888.87227146 0.55433000
5938.77509613 0.56665000
5988.67792081 0.57719000
6038.58074548 0.58507000
6088.48357015 0.59188000
6138.38639482 0.59726000
6188.28921949 0.60173000
6238.19204417 0.60570000
6288.09486884 0.61017000
6337.99769351 0.61384000
6387.90051818 0.61669000
6437.80334285 0.61876000
6487.70616752 0.61994000
6537.60899220 0.62018000
6587.51181687 0.61919000
6637.41464154 0.61821000
6687.31746621 0.61672000
6737.22029088 0.61549000
6787.12311556 0.61581000
6837.02594023 0.61618000
6886.92876490 0.61664000
6936.83158957 0.61685000
6986.73441424 0.61669000
7036.63723892 0.61541000
7086.54006359 0.61379000
7136.44288826 0.61216000
7186.34571293 0.61086000
7236.24853760 0.61025000
7286.15136227 0.60985000
7336.05418695 0.60849000
7385.95701162 0.60330000
7435.85983629 0.58501000
7485.76266096 0.53625000
7535.66548563 0.44464000
7585.56831031 0.31589000
7635.47113498 0.18390000
7685.37395965 0.08470000
7735.27678432 0.03010000
7785.17960899 0.00809000
7835.08243366 0.00162000
7884.98525834 0.00024000
7934.88808301 0.00003000
