# wave trans
4602.58345688 0.00008000
4652.61264385 0.00138000
4702.64183082 0.01384000
4752.67101779 0.06875000
4802.70020476 0.18344000
4852.72939174 0.29492000
4902.75857871 0.34485000
4952.78776568 0.35339000
5002.81695265 0.35249000
5052.84613962 0.35329000
5102.87532660 0.35629000
5152.90451357 0.36125000
5202.93370054 0.36803000
5252.96288751 0.37647000
5302.99207448 0.38611000
5353.02126145 0.39707000
5403.05044843 0.40900000
5453.07963540 0.42137000
5503.10882237 0.43455000
5553.13800934 0.44823000
5603.16719631 0.46303000
5653.19638329 0.47847000
5703.22557026 0.49430000
5753.25475723 0.51019000
5803.28394420 0.52571000
5853.31313117 0.54054000
5903.34231815 0.55433000
5953.37150512 0.56665000
6003.40069209 0.57719000
6053.42987906 0.58507000
6103.45906603 0.59188000
6153.48825301 0.59726000
6203.51743998 0.60173000
6253.54662695 0.60570000
6303.57581392 0.61017000
6353.60500089 0.61384000
6403.63418787 0.61669000
6453.66337484 0.61876000
6503.69256181 0.61994000
6553.72174878 0.62018000
6603.75093575 0.61919000
6653.78012273 0.61821000
6703.80930970 0.61672000
6753.83849667 0.61549000
6803.86768364 0.61581000
6853.89687061 0.61618000
6903.92605759 0.61664000
6953.95524456 0.61685000
7003.98443153 0.61669000
7054.01361850 0.61541000
7104.04280547 0.61379000
7154.07199245 0.61216000
7204.10117942 0.61086000
7254.13036639 0.61025000
7304.15955336 0.60985000
7354.18874033 0.60849000
7404.21792731 0.60330000
7454.24711428 0.58501000
7504.27630125 0.53625000
7554.30548822 0.44464000
7604.33467519 0.31589000
7654.36386217 0.18390000
7704.39304914 0.08470000
7754.42223611 0.03010000
7804.45142308 0.00809000
7854.48061005 0.00162000
7904.50979703 0.00024000
7954.53898400 0.00003000
