# wave trans
4588.89757153 0.00008000
4638.77213663 0.00138000
4688.64670173 0.01384000
4738.52126682 0.06875000
4788.39583192 0.18344000
4838.27039702 0.29492000
4888.14496211 0.34485000
4938.01952721 0.35339000
4987.89409231 0.35249000
5037.76865740 0.35329000
5087.64322250 0.35629000
5137.51778760 0.36125000
5187.39235269 0.36803000
5237.26691779 0.37647000
5287.14148289 0.38611000
5337.01604798 0.39707000
5386.89061308 0.40900000
5436.76517818 0.42137000
5486.63974327 0.43455000
5536.51430837 0.44823000
5586.38887347 0.46303000
5636.26343856 0.47847000
5686.13800366 0.49430000
5736.01256876 0.51019000
5785.88713385 0.52571000
5835.76169895 0.54054000
5885.63626405 0.55433000
5935.51082914 0.56665000
5985.38539424 0.57719000
6035.25995934 0.58507000
6085.13452443 0.59188000
6135.00908953 0.59726000
6184.88365463 0.60173000
6234.75821972 0.60570000
6284.63278482 0.61017000
6334.50734992 0.61384000
6384.38191501 0.61669000
6434.25648011 0.61876000
6484.13104521 0.61994000
6534.00561030 0.62018000
6583.88017540 0.61919000
6633.75474050 0.61821000
6683.62930559 0.61672000
6733.50387069 0.61549000
6783.37843579 0.61581000
6833.25300088 0.61618000
6883.12756598 0.61664000
6933.00213108 0.61685000
6982.87669617 0.61669000
7032.75126127 0.61541000
7082.62582637 0.61379000
7132.50039146 0.61216000
7182.37495656 0.61086000
7232.24952166 0.61025000
7282.12408675 0.60985000
7331.99865185 0.60849000
7381.87321695 0.60330000
7431.74778204 0.58501000
7481.62234714 0.53625000
7531.49691224 0.44464000
7581.37147733 0.31589000
7631.24604243 0.18390000
7681.12060753 0.08470000
7730.99517262 0.03010000
7780.86973772 0.00809000
7830.74430282 0.00162000
7880.61886791 0.00024000
7930.49343301 0.00003000
