# wave trans
4589.36156317 0.00008000
4639.24137055 0.00138000
4689.12117794 0.01384000
4739.00098532 0.06875000
4788.88079271 0.18344000
4838.76060009 0.29492000
4888.64040747 0.34485000
4938.52021486 0.35339000
4988.40002224 0.35249000
5038.27982962 0.35329000
5088.15963701 0.35629000
5138.03944439 0.36125000
5187.91925178 0.36803000
5237.79905916 0.37647000
5287.67886654 0.38611000
5337.55867393 0.39707000
5387.43848131 0.40900000
5437.31828869 0.42137000
5487.19809608 0.43455000
5537.07790346 0.44823000
5586.95771084 0.46303000
5636.83751823 0.47847000
5686.71732561 0.49430000
5736.59713300 0.51019000
5786.47694038 0.52571000
5836.35674776 0.54054000
5886.23655515 0.55433000
5936.11636253 0.56665000
5985.99616991 0.57719000
6035.87597730 0.58507000
6085.75578468 0.59188000
6135.63559207 0.59726000
6185.51539945 0.60173000
6235.39520683 0.60570000
6285.27501422 0.61017000
6335.15482160 0.61384000
6385.03462898 0.61669000
6434.91443637 0.61876000
6484.79424375 0.61994000
6534.67405113 0.62018000
6584.55385852 0.61919000
6634.43366590 0.61821000
6684.31347329 0.61672000
6734.19328067 0.61549000
6784.07308805 0.61581000
6833.95289544 0.61618000
6883.83270282 0.61664000
6933.71251020 0.61685000
6983.59231759 0.61669000
7033.47212497 0.61541000
7083.35193236 0.61379000
7133.23173974 0.61216000
7183.11154712 0.61086000
7232.99135451 0.61025000
7282.87116189 0.60985000
7332.75096927 0.60849000
7382.63077666 0.60330000
7432.51058404 0.58501000
7482.39039143 0.53625000
7532.27019881 0.44464000
7582.15000619 0.31589000
7632.02981358 0.18390000
7681.90962096 0.08470000
7731.78942834 0.03010000
7781.66923573 0.00809000
7831.54904311 0.00162000
7881.42885049 0.00024000
7931.30865788 0.00003000
