# wave trans
4593.78488978 0.00008000
4643.71467229 0.00138000
4693.64445480 0.01384000
4743.57423730 0.06875000
4793.50401981 0.18344000
4843.43380232 0.29492000
4893.36358483 0.34485000
4943.29336734 0.35339000
4993.22314984 0.35249000
5043.15293235 0.35329000
5093.08271486 0.35629000
5143.01249737 0.36125000
5192.94227988 0.36803000
5242.87206238 0.37647000
5292.80184489 0.38611000
5342.73162740 0.39707000
5392.66140991 0.40900000
5442.59119242 0.42137000
5492.52097493 0.43455000
5542.45075743 0.44823000
5592.38053994 0.46303000
5642.31032245 0.47847000
5692.24010496 0.49430000
5742.16988747 0.51019000
5792.09966997 0.52571000
5842.02945248 0.54054000
5891.95923499 0.55433000
5941.88901750 0.56665000
5991.81880001 0.57719000
6041.74858251 0.58507000
6091.67836502 0.59188000
6141.60814753 0.59726000
6191.53793004 0.60173000
6241.46771255 0.60570000
6291.39749506 0.61017000
6341.32727756 0.61384000
6391.25706007 0.61669000
6441.18684258 0.61876000
6491.11662509 0.61994000
6541.04640760 0.62018000
6590.97619010 0.61919000
6640.90597261 0.61821000
6690.83575512 0.61672000
6740.76553763 0.61549000
6790.69532014 0.61581000
6840.62510264 0.61618000
6890.55488515 0.61664000
6940.48466766 0.61685000
6990.41445017 0.61669000
7040.34423268 0.61541000
7090.27401518 0.61379000
7140.20379769 0.61216000
7190.13358020 0.61086000
7240.06336271 0.61025000
7289.99314522 0.60985000
7339.92292773 0.60849000
7389.85271023 0.60330000
7439.78249274 0.58501000
7489.71227525 0.53625000
7539.64205776 0.44464000
7589.57184027 0.31589000
7639.50162277 0.18390000
7689.43140528 0.08470000
7739.36118779 0.03010000
7789.29097030 0.00809000
7839.22075281 0.00162000
7889.15053531 0.00024000
7939.08031782 0.00003000
