# wave trans
4574.85070283 0.00008000
4624.56655800 0.00138000
4674.28241317 0.01384000
4723.99826834 0.06875000
4773.71412350 0.18344000
4823.42997867 0.29492000
4873.14583384 0.34485000
4922.86168901 0.35339000
4972.57754417 0.35249000
5022.29339934 0.35329000
5072.00925451 0.35629000
5121.72510968 0.36125000
5171.44096484 0.36803000
5221.15682001 0.37647000
5270.87267518 0.38611000
5320.58853035 0.39707000
5370.30438551 0.40900000
5420.02024068 0.42137000
5469.73609585 0.43455000
5519.45195101 0.44823000
5569.16780618 0.46303000
5618.88366135 0.47847000
5668.59951652 0.49430000
5718.31537168 0.51019000
5768.03122685 0.52571000
5817.74708202 0.54054000
5867.46293719 0.55433000
5917.17879235 0.56665000
5966.89464752 0.57719000
6016.61050269 0.58507000
6066.32635786 0.59188000
6116.04221302 0.59726000
6165.75806819 0.60173000
6215.47392336 0.60570000
6265.18977853 0.61017000
6314.90563369 0.61384000
6364.62148886 0.61669000
6414.33734403 0.61876000
6464.05319920 0.61994000
6513.76905436 0.62018000
6563.48490953 0.61919000
6613.20076470 0.61821000
6662.91661987 0.61672000
6712.63247503 0.61549000
6762.34833020 0.61581000
6812.06418537 0.61618000
6861.78004054 0.61664000
6911.49589570 0.61685000
6961.21175087 0.61669000
7010.92760604 0.61541000
7060.64346121 0.61379000
7110.35931637 0.61216000
7160.07517154 0.61086000
7209.79102671 0.61025000
7259.50688188 0.60985000
7309.22273704 0.60849000
7358.93859221 0.60330000
7408.65444738 0.58501000
7458.37030255 0.53625000
7508.08615771 0.44464000
7557.80201288 0.31589000
7607.51786805 0.18390000
7657.23372322 0.08470000
7706.94957838 0.03010000
7756.66543355 0.00809000
7806.38128872 0.00162000
7856.09714388 0.00024000
7905.81299905 0.00003000
