# wave trans
4592.16608142 0.00008000
4642.07757455 0.00138000
4691.98906767 0.01384000
4741.90056079 0.06875000
4791.81205392 0.18344000
4841.72354704 0.29492000
4891.63504016 0.34485000
4941.54653328 0.35339000
4991.45802641 0.35249000
5041.36951953 0.35329000
5091.28101265 0.35629000
5141.19250577 0.36125000
5191.10399890 0.36803000
5241.01549202 0.37647000
5290.92698514 0.38611000
5340.83847827 0.39707000
5390.74997139 0.40900000
5440.66146451 0.42137000
5490.57295763 0.43455000
5540.48445076 0.44823000
5590.39594388 0.46303000
5640.30743700 0.47847000
5690.21893013 0.49430000
5740.13042325 0.51019000
5790.04191637 0.52571000
5839.95340949 0.54054000
5889.86490262 0.55433000
5939.77639574 0.56665000
5989.68788886 0.57719000
6039.59938198 0.58507000
6089.51087511 0.59188000
6139.42236823 0.59726000
6189.33386135 0.60173000
6239.24535448 0.60570000
6289.15684760 0.61017000
6339.06834072 0.61384000
6388.97983384 0.61669000
6438.89132697 0.61876000
6488.80282009 0.61994000
6538.71431321 0.62018000
6588.62580634 0.61919000
6638.53729946 0.61821000
6688.44879258 0.61672000
6738.36028570 0.61549000
6788.27177883 0.61581000
6838.18327195 0.61618000
6888.09476507 0.61664000
6938.00625819 0.61685000
6987.91775132 0.61669000
7037.82924444 0.61541000
7087.74073756 0.61379000
7137.65223069 0.61216000
7187.56372381 0.61086000
7237.47521693 0.61025000
7287.38671005 0.60985000
7337.29820318 0.60849000
7387.20969630 0.60330000
7437.12118942 0.58501000
7487.03268254 0.53625000
7536.94417567 0.44464000
7586.85566879 0.31589000
7636.76716191 0.18390000
7686.67865504 0.08470000
7736.59014816 0.03010000
7786.50164128 0.00809000
7836.41313440 0.00162000
7886.32462753 0.00024000
7936.23612065 0.00003000
