# wave trans
4600.42142679 0.00008000
4650.42618794 0.00138000
4700.43094910 0.01384000
4750.43571025 0.06875000
4800.44047141 0.18344000
4850.44523256 0.29492000
4900.44999371 0.34485000
4950.45475487 0.35339000
5000.45951602 0.35249000
5050.46427718 0.35329000
5100.46903833 0.35629000
5150.47379949 0.36125000
5200.47856064 0.36803000
5250.48332179 0.37647000
5300.48808295 0.38611000
5350.49284410 0.39707000
5400.49760526 0.40900000
5450.50236641 0.42137000
5500.50712757 0.43455000
5550.51188872 0.44823000
5600.51664988 0.46303000
5650.52141103 0.47847000
5700.52617218 0.49430000
5750.53093334 0.51019000
5800.53569449 0.52571000
5850.54045565 0.54054000
5900.54521680 0.55433000
5950.54997796 0.56665000
6000.55473911 0.57719000
6050.55950026 0.58507000
6100.56426142 0.59188000
6150.56902257 0.59726000
6200.57378373 0.60173000
6250.57854488 0.60570000
6300.58330604 0.61017000
6350.58806719 0.61384000
6400.59282834 0.61669000
6450.59758950 0.61876000
6500.60235065 0.61994000
6550.60711181 0.62018000
6600.61187296 0.61919000
6650.61663412 0.61821000
6700.62139527 0.61672000
6750.62615643 0.61549000
6800.63091758 0.61581000
6850.63567873 0.61618000
6900.64043989 0.61664000
6950.64520104 0.61685000
7000.64996220 0.61669000
7050.65472335 0.61541000
7100.65948451 0.61379000
7150.66424566 0.61216000
7200.66900681 0.61086000
7250.67376797 0.61025000
7300.67852912 0.60985000
7350.68329028 0.60849000
7400.68805143 0.60330000
7450.69281259 0.58501000
7500.69757374 0.53625000
7550.70233490 0.44464000
7600.70709605 0.31589000
7650.71185720 0.18390000
7700.71661836 0.08470000
7750.72137951 0.03010000
7800.72614067 0.00809000
7850.73090182 0.00162000
7900.73566298 0.00024000
7950.74042413 0.00003000
