# wave trans
4571.30547450 0.00008000
4620.98127193 0.00138000
4670.65706936 0.01384000
4720.33286679 0.06875000
4770.00866421 0.18344000
4819.68446164 0.29492000
4869.36025907 0.34485000
4919.03605650 0.35339000
4968.71185392 0.35249000
5018.38765135 0.35329000
5068.06344878 0.35629000
5117.73924621 0.36125000
5167.41504364 0.36803000
5217.09084106 0.37647000
5266.76663849 0.38611000
5316.44243592 0.39707000
5366.11823335 0.40900000
5415.79403078 0.42137000
5465.46982820 0.43455000
5515.14562563 0.44823000
5564.82142306 0.46303000
5614.49722049 0.47847000
5664.17301792 0.49430000
5713.84881534 0.51019000
5763.52461277 0.52571000
5813.20041020 0.54054000
5862.87620763 0.55433000
5912.55200505 0.56665000
5962.22780248 0.57719000
6011.90359991 0.58507000
6061.57939734 0.59188000
6111.25519477 0.59726000
6160.93099219 0.60173000
6210.60678962 0.60570000
6260.28258705 0.61017000
6309.95838448 0.61384000
6359.63418191 0.61669000
6409.30997933 0.61876000
6458.98577676 0.61994000
6508.66157419 0.62018000
6558.33737162 0.61919000
6608.01316904 0.61821000
6657.68896647 0.61672000
6707.36476390 0.61549000
6757.04056133 0.61581000
6806.71635876 0.61618000
6856.39215618 0.61664000
6906.06795361 0.61685000
6955.74375104 0.61669000
7005.41954847 0.61541000
7055.09534590 0.61379000
7104.77114332 0.61216000
7154.44694075 0.61086000
7204.12273818 0.61025000
7253.79853561 0.60985000
7303.47433304 0.60849000
7353.15013046 0.60330000
7402.82592789 0.58501000
7452.50172532 0.53625000
7502.17752275 0.44464000
7551.85332017 0.31589000
7601.52911760 0.18390000
7651.20491503 0.08470000
7700.88071246 0.03010000
7750.55650989 0.00809000
7800.23230731 0.00162000
7849.90810474 0.00024000
7899.58390217 0.00003000
