# wave trans
4592.96085584 0.00008000
4642.88132842 0.00138000
4692.80180101 0.01384000
4742.72227359 0.06875000
4792.64274617 0.18344000
4842.56321876 0.29492000
4892.48369134 0.34485000
4942.40416392 0.35339000
4992.32463651 0.35249000
5042.24510909 0.35329000
5092.16558168 0.35629000
5142.08605426 0.36125000
5192.00652684 0.36803000
5241.92699943 0.37647000
5291.84747201 0.38611000
5341.76794459 0.39707000
5391.68841718 0.40900000
5441.60888976 0.42137000
5491.52936234 0.43455000
5541.44983493 0.44823000
5591.37030751 0.46303000
5641.29078009 0.47847000
5691.21125268 0.49430000
5741.13172526 0.51019000
5791.05219785 0.52571000
5840.97267043 0.54054000
5890.89314301 0.55433000
5940.81361560 0.56665000
5990.73408818 0.57719000
6040.65456076 0.58507000
6090.57503335 0.59188000
6140.49550593 0.59726000
6190.41597851 0.60173000
6240.33645110 0.60570000
6290.25692368 0.61017000
6340.17739626 0.61384000
6390.09786885 0.61669000
6440.01834143 0.61876000
6489.93881402 0.61994000
6539.85928660 0.62018000
6589.77975918 0.61919000
6639.70023177 0.61821000
6689.62070435 0.61672000
6739.54117693 0.61549000
6789.46164952 0.61581000
6839.38212210 0.61618000
6889.30259468 0.61664000
6939.22306727 0.61685000
6989.14353985 0.61669000
7039.06401243 0.61541000
7088.98448502 0.61379000
7138.90495760 0.61216000
7188.82543019 0.61086000
7238.74590277 0.61025000
7288.66637535 0.60985000
7338.58684794 0.60849000
7388.50732052 0.60330000
7438.42779310 0.58501000
7488.34826569 0.53625000
7538.26873827 0.44464000
7588.18921085 0.31589000
7638.10968344 0.18390000
7688.03015602 0.08470000
7737.95062861 0.03010000
7787.87110119 0.00809000
7837.79157377 0.00162000
7887.71204636 0.00024000
7937.63251894 0.00003000
