# wave trans
4602.93709654 0.00008000
4652.97027878 0.00138000
4703.00346102 0.01384000
4753.03664326 0.06875000
4803.06982550 0.18344000
4853.10300774 0.29492000
4903.13618998 0.34485000
4953.16937222 0.35339000
5003.20255446 0.35249000
5053.23573669 0.35329000
5103.26891893 0.35629000
5153.30210117 0.36125000
5203.33528341 0.36803000
5253.36846565 0.37647000
5303.40164789 0.38611000
5353.43483013 0.39707000
5403.46801237 0.40900000
5453.50119461 0.42137000
5503.53437685 0.43455000
5553.56755909 0.44823000
5603.60074133 0.46303000
5653.63392357 0.47847000
5703.66710581 0.49430000
5753.70028805 0.51019000
5803.73347029 0.52571000
5853.76665253 0.54054000
5903.79983477 0.55433000
5953.83301701 0.56665000
6003.86619925 0.57719000
6053.89938149 0.58507000
6103.93256373 0.59188000
6153.96574597 0.59726000
6203.99892821 0.60173000
6254.03211045 0.60570000
6304.06529269 0.61017000
6354.09847493 0.61384000
6404.13165717 0.61669000
6454.16483941 0.61876000
6504.19802165 0.61994000
6554.23120389 0.62018000
6604.26438613 0.61919000
6654.29756837 0.61821000
6704.33075061 0.61672000
6754.36393284 0.61549000
6804.39711508 0.61581000
6854.43029732 0.61618000
6904.46347956 0.61664000
6954.49666180 0.61685000
7004.52984404 0.61669000
7054.56302628 0.61541000
7104.59620852 0.61379000
7154.62939076 0.61216000
7204.66257300 0.61086000
7254.69575524 0.61025000
7304.72893748 0.60985000
7354.76211972 0.60849000
7404.79530196 0.60330000
7454.82848420 0.58501000
7504.86166644 0.53625000
7554.89484868 0.44464000
7604.92803092 0.31589000
7654.96121316 0.18390000
7704.99439540 0.08470000
7755.02757764 0.03010000
7805.06075988 0.00809000
7855.09394212 0.00162000
7905.12712436 0.00024000
7955.16030660 0.00003000
