# wave trans
4570.04289572 0.00008000
4619.70442695 0.00138000
4669.36595818 0.01384000
4719.02748941 0.06875000
4768.68902064 0.18344000
4818.35055187 0.29492000
4868.01208310 0.34485000
4917.67361433 0.35339000
4967.33514557 0.35249000
5016.99667680 0.35329000
5066.65820803 0.35629000
5116.31973926 0.36125000
5165.98127049 0.36803000
5215.64280172 0.37647000
5265.30433295 0.38611000
5314.96586418 0.39707000
5364.62739541 0.40900000
5414.28892664 0.42137000
5463.95045787 0.43455000
5513.61198910 0.44823000
5563.27352033 0.46303000
5612.93505156 0.47847000
5662.59658279 0.49430000
5712.25811402 0.51019000
5761.91964525 0.52571000
5811.58117648 0.54054000
5861.24270771 0.55433000
5910.90423894 0.56665000
5960.56577017 0.57719000
6010.22730140 0.58507000
6059.88883263 0.59188000
6109.55036386 0.59726000
6159.21189509 0.60173000
6208.87342632 0.60570000
6258.53495755 0.61017000
6308.19648878 0.61384000
6357.85802001 0.61669000
6407.51955124 0.61876000
6457.18108247 0.61994000
6506.84261370 0.62018000
6556.50414493 0.61919000
6606.16567616 0.61821000
6655.82720739 0.61672000
6705.48873862 0.61549000
6755.15026985 0.61581000
6804.81180108 0.61618000
6854.47333231 0.61664000
6904.13486354 0.61685000
6953.79639477 0.61669000
7003.45792600 0.61541000
7053.11945723 0.61379000
7102.78098846 0.61216000
7152.44251969 0.61086000
7202.10405092 0.61025000
7251.76558215 0.60985000
7301.42711338 0.60849000
7351.08864461 0.60330000
7400.75017584 0.58501000
7450.41170707 0.53625000
7500.07323830 0.44464000
7549.73476953 0.31589000
7599.39630076 0.18390000
7649.05783199 0.08470000
7698.71936322 0.03010000
7748.38089445 0.00809000
7798.04242568 0.00162000
7847.70395691 0.00024000
7897.36548814 0.00003000
