# wave trans
4572.37763509 0.00008000
4622.06554690 0.00138000
4671.75345871 0.01384000
4721.44137052 0.06875000
4771.12928234 0.18344000
4820.81719415 0.29492000
4870.50510596 0.34485000
4920.19301777 0.35339000
4969.88092958 0.35249000
5019.56884140 0.35329000
5069.25675321 0.35629000
5118.94466502 0.36125000
5168.63257683 0.36803000
5218.32048864 0.37647000
5268.00840046 0.38611000
5317.69631227 0.39707000
5367.38422408 0.40900000
5417.07213589 0.42137000
5466.76004770 0.43455000
5516.44795952 0.44823000
5566.13587133 0.46303000
5615.82378314 0.47847000
5665.51169495 0.49430000
5715.19960676 0.51019000
5764.88751858 0.52571000
5814.57543039 0.54054000
5864.26334220 0.55433000
5913.95125401 0.56665000
5963.63916582 0.57719000
6013.32707764 0.58507000
6063.01498945 0.59188000
6112.70290126 0.59726000
6162.39081307 0.60173000
6212.07872488 0.60570000
6261.76663670 0.61017000
6311.45454851 0.61384000
6361.14246032 0.61669000
6410.83037213 0.61876000
6460.51828394 0.61994000
6510.20619576 0.62018000
6559.89410757 0.61919000
6609.58201938 0.61821000
6659.26993119 0.61672000
6708.95784300 0.61549000
6758.64575482 0.61581000
6808.33366663 0.61618000
6858.02157844 0.61664000
6907.70949025 0.61685000
6957.39740206 0.61669000
7007.08531388 0.61541000
7056.77322569 0.61379000
7106.46113750 0.61216000
7156.14904931 0.61086000
7205.83696112 0.61025000
7255.52487294 0.60985000
7305.21278475 0.60849000
7354.90069656 0.60330000
7404.58860837 0.58501000
7454.27652018 0.53625000
7503.96443200 0.44464000
7553.65234381 0.31589000
7603.34025562 0.18390000
7653.02816743 0.08470000
7702.71607924 0.03010000
7752.40399106 0.00809000
7802.09190287 0.00162000
7851.77981468 0.00024000
7901.46772649 0.00003000
