# wave trans
7242.47665283 0.00003000
7292.42578740 0.00024000
7342.37492197 0.00152000
7392.32405653 0.00751000
7442.27319110 0.02816000
7492.22232566 0.08049000
7542.17146023 0.17903000
7592.12059479 0.31589000
7642.06972936 0.45667000
7692.01886393 0.56415000
7741.96799849 0.62539000
7791.91713306 0.65025000
7841.86626762 0.65800000
7891.81540219 0.65976000
7941.76453675 0.66029000
7991.71367132 0.66117000
8041.66280589 0.66404000
8091.61194045 0.66742000
8141.56107502 0.67099000
8191.51020958 0.67461000
8241.45934415 0.67831000
8291.40847871 0.68057000
8341.35761328 0.68241000
8391.30674785 0.68462000
8441.25588241 0.68696000
8491.20501698 0.69023000
8541.15415154 0.69478000
8591.10328611 0.69960000
8641.05242067 0.70511000
8691.00155524 0.71001000
8740.95068981 0.71528000
8790.89982437 0.72044000
8840.84895894 0.72547000
8890.79809350 0.73024000
8940.74722807 0.73423000
8990.69636263 0.73766000
9040.64549720 0.74112000
9090.59463177 0.74413000
9140.54376633 0.74669000
9190.49290090 0.74866000
9240.44203546 0.74959000
9290.39117003 0.75001000
9340.34030459 0.75017000
9390.28943916 0.74908000
9440.23857373 0.74682000
9490.18770829 0.74099000
9540.13684286 0.72680000
9590.08597742 0.69561000
9640.03511199 0.63625000
9689.98424655 0.54400000
9739.93338112 0.42390000
9789.88251569 0.29500000
9839.83165025 0.17990000
9889.78078482 0.09486000
9939.72991938 0.04283000
9989.67905395 0.01642000
10039.62818851 0.00532000
10089.57732308 0.00144000
10139.52645765 0.00032000
10189.47559221 0.00005000
