# wave trans
7240.80759522 0.00003000
7290.74544546 0.00024000
7340.68329569 0.00152000
7390.62114593 0.00751000
7440.55899616 0.02816000
7490.49684640 0.08049000
7540.43469663 0.17903000
7590.37254687 0.31589000
7640.31039710 0.45667000
7690.24824734 0.56415000
7740.18609757 0.62539000
7790.12394781 0.65025000
7840.06179804 0.65800000
7889.99964828 0.65976000
7939.93749851 0.66029000
7989.87534875 0.66117000
8039.81319898 0.66404000
8089.75104922 0.66742000
8139.68889945 0.67099000
8189.62674969 0.67461000
8239.56459992 0.67831000
8289.50245016 0.68057000
8339.44030039 0.68241000
8389.37815063 0.68462000
8439.31600086 0.68696000
8489.25385109 0.69023000
8539.19170133 0.69478000
8589.12955156 0.69960000
8639.06740180 0.70511000
8689.00525203 0.71001000
8738.94310227 0.71528000
8788.88095250 0.72044000
8838.81880274 0.72547000
8888.75665297 0.73024000
8938.69450321 0.73423000
8988.63235344 0.73766000
9038.57020368 0.74112000
9088.50805391 0.74413000
9138.44590415 0.74669000
9188.38375438 0.74866000
9238.32160462 0.74959000
9288.25945485 0.75001000
9338.19730509 0.75017000
9388.13515532 0.74908000
9438.07300556 0.74682000
9488.01085579 0.74099000
9537.94870603 0.72680000
9587.88655626 0.69561000
9637.82440650 0.63625000
9687.76225673 0.54400000
9737.70010697 0.42390000
9787.63795720 0.29500000
9837.57580744 0.17990000
9887.51365767 0.09486000
9937.45150791 0.04283000
9987.38935814 0.01642000
10037.32720838 0.00532000
10087.26505861 0.00144000
10137.20290885 0.00032000
10187.14075908 0.00005000
