# wave trans
7253.14005214 0.00003000
7303.16128248 0.00024000
7353.18251282 0.00152000
7403.20374316 0.00751000
7453.22497350 0.02816000
7503.24620384 0.08049000
7553.26743418 0.17903000
7603.28866452 0.31589000
7653.30989486 0.45667000
7703.33112520 0.56415000
7753.35235554 0.62539000
7803.37358588 0.65025000
7853.39481622 0.65800000
7903.41604656 0.65976000
7953.43727690 0.66029000
8003.45850724 0.66117000
8053.47973758 0.66404000
8103.50096793 0.66742000
8153.52219827 0.67099000
8203.54342861 0.67461000
8253.56465895 0.67831000
8303.58588929 0.68057000
8353.60711963 0.68241000
8403.62834997 0.68462000
8453.64958031 0.68696000
8503.67081065 0.69023000
8553.69204099 0.69478000
8603.71327133 0.69960000
8653.73450167 0.70511000
8703.75573201 0.71001000
8753.77696235 0.71528000
8803.79819269 0.72044000
8853.81942303 0.72547000
8903.84065337 0.73024000
8953.86188371 0.73423000
9003.88311406 0.73766000
9053.90434440 0.74112000
9103.92557474 0.74413000
9153.94680508 0.74669000
9203.96803542 0.74866000
9253.98926576 0.74959000
9304.01049610 0.75001000
9354.03172644 0.75017000
9404.05295678 0.74908000
9454.07418712 0.74682000
9504.09541746 0.74099000
9554.11664780 0.72680000
9604.13787814 0.69561000
9654.15910848 0.63625000
9704.18033882 0.54400000
9754.20156916 0.42390000
9804.22279950 0.29500000
9854.24402984 0.17990000
9904.26526019 0.09486000
9954.28649053 0.04283000
10004.30772087 0.01642000
10054.32895121 0.00532000
10104.35018155 0.00144000
10154.37141189 0.00032000
10204.39264223 0.00005000
