# wave trans
7238.63080856 0.00003000
7288.55394179 0.00024000
7338.47707502 0.00152000
7388.40020826 0.00751000
7438.32334149 0.02816000
7488.24647472 0.08049000
7538.16960796 0.17903000
7588.09274119 0.31589000
7638.01587442 0.45667000
7687.93900765 0.56415000
7737.86214089 0.62539000
7787.78527412 0.65025000
7837.70840735 0.65800000
7887.63154059 0.65976000
7937.55467382 0.66029000
7987.47780705 0.66117000
8037.40094029 0.66404000
8087.32407352 0.66742000
8137.24720675 0.67099000
8187.17033999 0.67461000
8237.09347322 0.67831000
8287.01660645 0.68057000
8336.93973968 0.68241000
8386.86287292 0.68462000
8436.78600615 0.68696000
8486.70913938 0.69023000
8536.63227262 0.69478000
8586.55540585 0.69960000
8636.47853908 0.70511000
8686.40167232 0.71001000
8736.32480555 0.71528000
8786.24793878 0.72044000
8836.17107202 0.72547000
8886.09420525 0.73024000
8936.01733848 0.73423000
8985.94047171 0.73766000
9035.86360495 0.74112000
9085.78673818 0.74413000
9135.70987141 0.74669000
9185.63300465 0.74866000
9235.55613788 0.74959000
9285.47927111 0.75001000
9335.40240435 0.75017000
9385.32553758 0.74908000
9435.24867081 0.74682000
9485.17180405 0.74099000
9535.09493728 0.72680000
9585.01807051 0.69561000
9634.94120375 0.63625000
9684.86433698 0.54400000
9734.78747021 0.42390000
9784.71060344 0.29500000
9834.63373668 0.17990000
9884.55686991 0.09486000
9934.48000314 0.04283000
9984.40313638 0.01642000
10034.32626961 0.00532000
10084.24940284 0.00144000
10134.17253608 0.00032000
10184.09566931 0.00005000
