# wave trans
7223.13472460 0.00003000
7272.95309443 0.00024000
7322.77146427 0.00152000
7372.58983411 0.00751000
7422.40820395 0.02816000
7472.22657379 0.08049000
7522.04494363 0.17903000
7571.86331347 0.31589000
7621.68168331 0.45667000
7671.50005315 0.56415000
7721.31842299 0.62539000
7771.13679283 0.65025000
7820.95516267 0.65800000
7870.77353251 0.65976000
7920.59190234 0.66029000
7970.41027218 0.66117000
8020.22864202 0.66404000
8070.04701186 0.66742000
8119.86538170 0.67099000
8169.68375154 0.67461000
8219.50212138 0.67831000
8269.32049122 0.68057000
8319.13886106 0.68241000
8368.95723090 0.68462000
8418.77560074 0.68696000
8468.59397058 0.69023000
8518.41234042 0.69478000
8568.23071025 0.69960000
8618.04908009 0.70511000
8667.86744993 0.71001000
8717.68581977 0.71528000
8767.50418961 0.72044000
8817.32255945 0.72547000
8867.14092929 0.73024000
8916.95929913 0.73423000
8966.77766897 0.73766000
9016.59603881 0.74112000
9066.41440865 0.74413000
9116.23277849 0.74669000
9166.05114833 0.74866000
9215.86951816 0.74959000
9265.68788800 0.75001000
9315.50625784 0.75017000
9365.32462768 0.74908000
9415.14299752 0.74682000
9464.96136736 0.74099000
9514.77973720 0.72680000
9564.59810704 0.69561000
9614.41647688 0.63625000
9664.23484672 0.54400000
9714.05321656 0.42390000
9763.87158640 0.29500000
9813.68995624 0.17990000
9863.50832607 0.09486000
9913.32669591 0.04283000
9963.14506575 0.01642000
10012.96343559 0.00532000
10062.78180543 0.00144000
10112.60017527 0.00032000
10162.41854511 0.00005000
