# wave trans
7218.00366340 0.00003000
7267.78734542 0.00024000
7317.57102745 0.00152000
7367.35470947 0.00751000
7417.13839150 0.02816000
7466.92207352 0.08049000
7516.70575554 0.17903000
7566.48943757 0.31589000
7616.27311959 0.45667000
7666.05680162 0.56415000
7715.84048364 0.62539000
7765.62416567 0.65025000
7815.40784769 0.65800000
7865.19152971 0.65976000
7914.97521174 0.66029000
7964.75889376 0.66117000
8014.54257579 0.66404000
8064.32625781 0.66742000
8114.10993984 0.67099000
8163.89362186 0.67461000
8213.67730388 0.67831000
8263.46098591 0.68057000
8313.24466793 0.68241000
8363.02834996 0.68462000
8412.81203198 0.68696000
8462.59571401 0.69023000
8512.37939603 0.69478000
8562.16307805 0.69960000
8611.94676008 0.70511000
8661.73044210 0.71001000
8711.51412413 0.71528000
8761.29780615 0.72044000
8811.08148818 0.72547000
8860.86517020 0.73024000
8910.64885222 0.73423000
8960.43253425 0.73766000
9010.21621627 0.74112000
9059.99989830 0.74413000
9109.78358032 0.74669000
9159.56726235 0.74866000
9209.35094437 0.74959000
9259.13462639 0.75001000
9308.91830842 0.75017000
9358.70199044 0.74908000
9408.48567247 0.74682000
9458.26935449 0.74099000
9508.05303652 0.72680000
9557.83671854 0.69561000
9607.62040056 0.63625000
9657.40408259 0.54400000
9707.18776461 0.42390000
9756.97144664 0.29500000
9806.75512866 0.17990000
9856.53881069 0.09486000
9906.32249271 0.04283000
9956.10617473 0.01642000
10005.88985676 0.00532000
10055.67353878 0.00144000
10105.45722081 0.00032000
10155.24090283 0.00005000
