# wave trans
7252.76194600 0.00003000
7302.78061990 0.00024000
7352.79929379 0.00152000
7402.81796769 0.00751000
7452.83664159 0.02816000
7502.85531549 0.08049000
7552.87398939 0.17903000
7602.89266328 0.31589000
7652.91133718 0.45667000
7702.93001108 0.56415000
7752.94868498 0.62539000
7802.96735887 0.65025000
7852.98603277 0.65800000
7903.00470667 0.65976000
7953.02338057 0.66029000
8003.04205446 0.66117000
8053.06072836 0.66404000
8103.07940226 0.66742000
8153.09807616 0.67099000
8203.11675006 0.67461000
8253.13542395 0.67831000
8303.15409785 0.68057000
8353.17277175 0.68241000
8403.19144565 0.68462000
8453.21011954 0.68696000
8503.22879344 0.69023000
8553.24746734 0.69478000
8603.26614124 0.69960000
8653.28481513 0.70511000
8703.30348903 0.71001000
8753.32216293 0.71528000
8803.34083683 0.72044000
8853.35951073 0.72547000
8903.37818462 0.73024000
8953.39685852 0.73423000
9003.41553242 0.73766000
9053.43420632 0.74112000
9103.45288021 0.74413000
9153.47155411 0.74669000
9203.49022801 0.74866000
9253.50890191 0.74959000
9303.52757581 0.75001000
9353.54624970 0.75017000
9403.56492360 0.74908000
9453.58359750 0.74682000
9503.60227140 0.74099000
9553.62094529 0.72680000
9603.63961919 0.69561000
9653.65829309 0.63625000
9703.67696699 0.54400000
9753.69564088 0.42390000
9803.71431478 0.29500000
9853.73298868 0.17990000
9903.75166258 0.09486000
9953.77033648 0.04283000
10003.78901037 0.01642000
10053.80768427 0.00532000
10103.82635817 0.00144000
10153.84503207 0.00032000
10203.86370596 0.00005000
