# wave trans
7232.87388287 0.00003000
7282.75809488 0.00024000
7332.64230690 0.00152000
7382.52651892 0.00751000
7432.41073094 0.02816000
7482.29494296 0.08049000
7532.17915498 0.17903000
7582.06336700 0.31589000
7631.94757902 0.45667000
7681.83179104 0.56415000
7731.71600306 0.62539000
7781.60021507 0.65025000
7831.48442709 0.65800000
7881.36863911 0.65976000
7931.25285113 0.66029000
7981.13706315 0.66117000
8031.02127517 0.66404000
8080.90548719 0.66742000
8130.78969921 0.67099000
8180.67391123 0.67461000
8230.55812325 0.67831000
8280.44233526 0.68057000
8330.32654728 0.68241000
8380.21075930 0.68462000
8430.09497132 0.68696000
8479.97918334 0.69023000
8529.86339536 0.69478000
8579.74760738 0.69960000
8629.63181940 0.70511000
8679.51603142 0.71001000
8729.40024344 0.71528000
8779.28445545 0.72044000
8829.16866747 0.72547000
8879.05287949 0.73024000
8928.93709151 0.73423000
8978.82130353 0.73766000
9028.70551555 0.74112000
9078.58972757 0.74413000
9128.47393959 0.74669000
9178.35815161 0.74866000
9228.24236363 0.74959000
9278.12657564 0.75001000
9328.01078766 0.75017000
9377.89499968 0.74908000
9427.77921170 0.74682000
9477.66342372 0.74099000
9527.54763574 0.72680000
9577.43184776 0.69561000
9627.31605978 0.63625000
9677.20027180 0.54400000
9727.08448382 0.42390000
9776.96869584 0.29500000
9826.85290785 0.17990000
9876.73711987 0.09486000
9926.62133189 0.04283000
9976.50554391 0.01642000
10026.38975593 0.00532000
10076.27396795 0.00144000
10126.15817997 0.00032000
10176.04239199 0.00005000
