# wave trans
7250.45051099 0.00003000
7300.45355694 0.00024000
7350.45660290 0.00152000
7400.45964885 0.00751000
7450.46269480 0.02816000
7500.46574075 0.08049000
7550.46878671 0.17903000
7600.47183266 0.31589000
7650.47487861 0.45667000
7700.47792456 0.56415000
7750.48097052 0.62539000
7800.48401647 0.65025000
7850.48706242 0.65800000
7900.49010838 0.65976000
7950.49315433 0.66029000
8000.49620028 0.66117000
8050.49924623 0.66404000
8100.50229219 0.66742000
8150.50533814 0.67099000
8200.50838409 0.67461000
8250.51143004 0.67831000
8300.51447600 0.68057000
8350.51752195 0.68241000
8400.52056790 0.68462000
8450.52361385 0.68696000
8500.52665981 0.69023000
8550.52970576 0.69478000
8600.53275171 0.69960000
8650.53579766 0.70511000
8700.53884362 0.71001000
8750.54188957 0.71528000
8800.54493552 0.72044000
8850.54798148 0.72547000
8900.55102743 0.73024000
8950.55407338 0.73423000
9000.55711933 0.73766000
9050.56016529 0.74112000
9100.56321124 0.74413000
9150.56625719 0.74669000
9200.56930314 0.74866000
9250.57234910 0.74959000
9300.57539505 0.75001000
9350.57844100 0.75017000
9400.58148695 0.74908000
9450.58453291 0.74682000
9500.58757886 0.74099000
9550.59062481 0.72680000
9600.59367076 0.69561000
9650.59671672 0.63625000
9700.59976267 0.54400000
9750.60280862 0.42390000
9800.60585458 0.29500000
9850.60890053 0.17990000
9900.61194648 0.09486000
9950.61499243 0.04283000
10000.61803839 0.01642000
10050.62108434 0.00532000
10100.62413029 0.00144000
10150.62717624 0.00032000
10200.63022220 0.00005000
