# wave trans
7219.35090138 0.00003000
7269.14369112 0.00024000
7318.93648085 0.00152000
7368.72927058 0.00751000
7418.52206032 0.02816000
7468.31485005 0.08049000
7518.10763978 0.17903000
7567.90042951 0.31589000
7617.69321925 0.45667000
7667.48600898 0.56415000
7717.27879871 0.62539000
7767.07158845 0.65025000
7816.86437818 0.65800000
7866.65716791 0.65976000
7916.44995764 0.66029000
7966.24274738 0.66117000
8016.03553711 0.66404000
8065.82832684 0.66742000
8115.62111658 0.67099000
8165.41390631 0.67461000
8215.20669604 0.67831000
8264.99948577 0.68057000
8314.79227551 0.68241000
8364.58506524 0.68462000
8414.37785497 0.68696000
8464.17064471 0.69023000
8513.96343444 0.69478000
8563.75622417 0.69960000
8613.54901390 0.70511000
8663.34180364 0.71001000
8713.13459337 0.71528000
8762.92738310 0.72044000
8812.72017284 0.72547000
8862.51296257 0.73024000
8912.30575230 0.73423000
8962.09854204 0.73766000
9011.89133177 0.74112000
9061.68412150 0.74413000
9111.47691123 0.74669000
9161.26970097 0.74866000
9211.06249070 0.74959000
9260.85528043 0.75001000
9310.64807017 0.75017000
9360.44085990 0.74908000
9410.23364963 0.74682000
9460.02643936 0.74099000
9509.81922910 0.72680000
9559.61201883 0.69561000
9609.40480856 0.63625000
9659.19759830 0.54400000
9708.99038803 0.42390000
9758.78317776 0.29500000
9808.57596749 0.17990000
9858.36875723 0.09486000
9908.16154696 0.04283000
9957.95433669 0.01642000
10007.74712643 0.00532000
10057.53991616 0.00144000
10107.33270589 0.00032000
10157.12549562 0.00005000
