# wave trans
7221.83028608 0.00003000
7271.63983738 0.00024000
7321.44938867 0.00152000
7371.25893997 0.00751000
7421.06849126 0.02816000
7470.87804255 0.08049000
7520.68759385 0.17903000
7570.49714514 0.31589000
7620.30669644 0.45667000
7670.11624773 0.56415000
7719.92579902 0.62539000
7769.73535032 0.65025000
7819.54490161 0.65800000
7869.35445290 0.65976000
7919.16400420 0.66029000
7968.97355549 0.66117000
8018.78310679 0.66404000
8068.59265808 0.66742000
8118.40220937 0.67099000
8168.21176067 0.67461000
8218.02131196 0.67831000
8267.83086326 0.68057000
8317.64041455 0.68241000
8367.44996584 0.68462000
8417.25951714 0.68696000
8467.06906843 0.69023000
8516.87861973 0.69478000
8566.68817102 0.69960000
8616.49772231 0.70511000
8666.30727361 0.71001000
8716.11682490 0.71528000
8765.92637619 0.72044000
8815.73592749 0.72547000
8865.54547878 0.73024000
8915.35503008 0.73423000
8965.16458137 0.73766000
9014.97413266 0.74112000
9064.78368396 0.74413000
9114.59323525 0.74669000
9164.40278655 0.74866000
9214.21233784 0.74959000
9264.02188913 0.75001000
9313.83144043 0.75017000
9363.64099172 0.74908000
9413.45054302 0.74682000
9463.26009431 0.74099000
9513.06964560 0.72680000
9562.87919690 0.69561000
9612.68874819 0.63625000
9662.49829949 0.54400000
9712.30785078 0.42390000
9762.11740207 0.29500000
9811.92695337 0.17990000
9861.73650466 0.09486000
9911.54605595 0.04283000
9961.35560725 0.01642000
10011.16515854 0.00532000
10060.97470984 0.00144000
10110.78426113 0.00032000
10160.59381242 0.00005000
