# wave trans
7220.49524430 0.00003000
7270.29577024 0.00024000
7320.09629619 0.00152000
7369.89682213 0.00751000
7419.69734807 0.02816000
7469.49787402 0.08049000
7519.29839996 0.17903000
7569.09892591 0.31589000
7618.89945185 0.45667000
7668.69997780 0.56415000
7718.50050374 0.62539000
7768.30102969 0.65025000
7818.10155563 0.65800000
7867.90208157 0.65976000
7917.70260752 0.66029000
7967.50313346 0.66117000
8017.30365941 0.66404000
8067.10418535 0.66742000
8116.90471130 0.67099000
8166.70523724 0.67461000
8216.50576319 0.67831000
8266.30628913 0.68057000
8316.10681508 0.68241000
8365.90734102 0.68462000
8415.70786696 0.68696000
8465.50839291 0.69023000
8515.30891885 0.69478000
8565.10944480 0.69960000
8614.90997074 0.70511000
8664.71049669 0.71001000
8714.51102263 0.71528000
8764.31154858 0.72044000
8814.11207452 0.72547000
8863.91260046 0.73024000
8913.71312641 0.73423000
8963.51365235 0.73766000
9013.31417830 0.74112000
9063.11470424 0.74413000
9112.91523019 0.74669000
9162.71575613 0.74866000
9212.51628208 0.74959000
9262.31680802 0.75001000
9312.11733396 0.75017000
9361.91785991 0.74908000
9411.71838585 0.74682000
9461.51891180 0.74099000
9511.31943774 0.72680000
9561.11996369 0.69561000
9610.92048963 0.63625000
9660.72101558 0.54400000
9710.52154152 0.42390000
9760.32206746 0.29500000
9810.12259341 0.17990000
9859.92311935 0.09486000
9909.72364530 0.04283000
9959.52417124 0.01642000
10009.32469719 0.00532000
10059.12522313 0.00144000
10108.92574908 0.00032000
10158.72627502 0.00005000
