# wave trans
7225.68047757 0.00003000
7275.51605790 0.00024000
7325.35163824 0.00152000
7375.18721858 0.00751000
7425.02279891 0.02816000
7474.85837925 0.08049000
7524.69395959 0.17903000
7574.52953992 0.31589000
7624.36512026 0.45667000
7674.20070060 0.56415000
7724.03628093 0.62539000
7773.87186127 0.65025000
7823.70744160 0.65800000
7873.54302194 0.65976000
7923.37860228 0.66029000
7973.21418261 0.66117000
8023.04976295 0.66404000
8072.88534329 0.66742000
8122.72092362 0.67099000
8172.55650396 0.67461000
8222.39208430 0.67831000
8272.22766463 0.68057000
8322.06324497 0.68241000
8371.89882531 0.68462000
8421.73440564 0.68696000
8471.56998598 0.69023000
8521.40556632 0.69478000
8571.24114665 0.69960000
8621.07672699 0.70511000
8670.91230733 0.71001000
8720.74788766 0.71528000
8770.58346800 0.72044000
8820.41904834 0.72547000
8870.25462867 0.73024000
8920.09020901 0.73423000
8969.92578934 0.73766000
9019.76136968 0.74112000
9069.59695002 0.74413000
9119.43253035 0.74669000
9169.26811069 0.74866000
9219.10369103 0.74959000
9268.93927136 0.75001000
9318.77485170 0.75017000
9368.61043204 0.74908000
9418.44601237 0.74682000
9468.28159271 0.74099000
9518.11717305 0.72680000
9567.95275338 0.69561000
9617.78833372 0.63625000
9667.62391406 0.54400000
9717.45949439 0.42390000
9767.29507473 0.29500000
9817.13065507 0.17990000
9866.96623540 0.09486000
9916.80181574 0.04283000
9966.63739607 0.01642000
10016.47297641 0.00532000
10066.30855675 0.00144000
10116.14413708 0.00032000
10165.97971742 0.00005000
