# wave trans
7238.13510812 0.00003000
7288.05489001 0.00024000
7337.97467190 0.00152000
7387.89445379 0.00751000
7437.81423568 0.02816000
7487.73401757 0.08049000
7537.65379946 0.17903000
7587.57358135 0.31589000
7637.49336324 0.45667000
7687.41314513 0.56415000
7737.33292702 0.62539000
7787.25270891 0.65025000
7837.17249081 0.65800000
7887.09227270 0.65976000
7937.01205459 0.66029000
7986.93183648 0.66117000
8036.85161837 0.66404000
8086.77140026 0.66742000
8136.69118215 0.67099000
8186.61096404 0.67461000
8236.53074593 0.67831000
8286.45052782 0.68057000
8336.37030971 0.68241000
8386.29009160 0.68462000
8436.20987349 0.68696000
8486.12965538 0.69023000
8536.04943727 0.69478000
8585.96921916 0.69960000
8635.88900105 0.70511000
8685.80878294 0.71001000
8735.72856483 0.71528000
8785.64834672 0.72044000
8835.56812861 0.72547000
8885.48791050 0.73024000
8935.40769239 0.73423000
8985.32747428 0.73766000
9035.24725617 0.74112000
9085.16703806 0.74413000
9135.08681995 0.74669000
9185.00660184 0.74866000
9234.92638373 0.74959000
9284.84616562 0.75001000
9334.76594751 0.75017000
9384.68572940 0.74908000
9434.60551129 0.74682000
9484.52529318 0.74099000
9534.44507507 0.72680000
9584.36485696 0.69561000
9634.28463885 0.63625000
9684.20442074 0.54400000
9734.12420263 0.42390000
9784.04398452 0.29500000
9833.96376641 0.17990000
9883.88354830 0.09486000
9933.80333019 0.04283000
9983.72311208 0.01642000
10033.64289397 0.00532000
10083.56267586 0.00144000
10133.48245775 0.00032000
10183.40223964 0.00005000
