# wave trans
7243.35726016 0.00003000
7293.31234848 0.00024000
7343.26743679 0.00152000
7393.22252510 0.00751000
7443.17761341 0.02816000
7493.13270173 0.08049000
7543.08779004 0.17903000
7593.04287835 0.31589000
7642.99796666 0.45667000
7692.95305498 0.56415000
7742.90814329 0.62539000
7792.86323160 0.65025000
7842.81831991 0.65800000
7892.77340823 0.65976000
7942.72849654 0.66029000
7992.68358485 0.66117000
8042.63867316 0.66404000
8092.59376148 0.66742000
8142.54884979 0.67099000
8192.50393810 0.67461000
8242.45902641 0.67831000
8292.41411473 0.68057000
8342.36920304 0.68241000
8392.32429135 0.68462000
8442.27937966 0.68696000
8492.23446798 0.69023000
8542.18955629 0.69478000
8592.14464460 0.69960000
8642.09973291 0.70511000
8692.05482123 0.71001000
8742.00990954 0.71528000
8791.96499785 0.72044000
8841.92008616 0.72547000
8891.87517448 0.73024000
8941.83026279 0.73423000
8991.78535110 0.73766000
9041.74043941 0.74112000
9091.69552773 0.74413000
9141.65061604 0.74669000
9191.60570435 0.74866000
9241.56079266 0.74959000
9291.51588098 0.75001000
9341.47096929 0.75017000
9391.42605760 0.74908000
9441.38114592 0.74682000
9491.33623423 0.74099000
9541.29132254 0.72680000
9591.24641085 0.69561000
9641.20149917 0.63625000
9691.15658748 0.54400000
9741.11167579 0.42390000
9791.06676410 0.29500000
9841.02185242 0.17990000
9890.97694073 0.09486000
9940.93202904 0.04283000
9990.88711735 0.01642000
10040.84220567 0.00532000
10090.79729398 0.00144000
10140.75238229 0.00032000
10190.70747060 0.00005000
