# wave trans
7231.34878242 0.00003000
7281.22268374 0.00024000
7331.09658505 0.00152000
7380.97048637 0.00751000
7430.84438769 0.02816000
7480.71828900 0.08049000
7530.59219032 0.17903000
7580.46609164 0.31589000
7630.33999295 0.45667000
7680.21389427 0.56415000
7730.08779559 0.62539000
7779.96169690 0.65025000
7829.83559822 0.65800000
7879.70949954 0.65976000
7929.58340085 0.66029000
7979.45730217 0.66117000
8029.33120349 0.66404000
8079.20510480 0.66742000
8129.07900612 0.67099000
8178.95290744 0.67461000
8228.82680875 0.67831000
8278.70071007 0.68057000
8328.57461139 0.68241000
8378.44851270 0.68462000
8428.32241402 0.68696000
8478.19631534 0.69023000
8528.07021665 0.69478000
8577.94411797 0.69960000
8627.81801929 0.70511000
8677.69192060 0.71001000
8727.56582192 0.71528000
8777.43972324 0.72044000
8827.31362455 0.72547000
8877.18752587 0.73024000
8927.06142719 0.73423000
8976.93532850 0.73766000
9026.80922982 0.74112000
9076.68313114 0.74413000
9126.55703245 0.74669000
9176.43093377 0.74866000
9226.30483509 0.74959000
9276.17873640 0.75001000
9326.05263772 0.75017000
9375.92653904 0.74908000
9425.80044035 0.74682000
9475.67434167 0.74099000
9525.54824299 0.72680000
9575.42214430 0.69561000
9625.29604562 0.63625000
9675.16994694 0.54400000
9725.04384825 0.42390000
9774.91774957 0.29500000
9824.79165089 0.17990000
9874.66555220 0.09486000
9924.53945352 0.04283000
9974.41335484 0.01642000
10024.28725615 0.00532000
10074.16115747 0.00144000
10124.03505879 0.00032000
10173.90896010 0.00005000
