# wave trans
7241.62745288 0.00003000
7291.57084611 0.00024000
7341.51423933 0.00152000
7391.45763256 0.00751000
7441.40102578 0.02816000
7491.34441901 0.08049000
7541.28781223 0.17903000
7591.23120546 0.31589000
7641.17459868 0.45667000
7691.11799191 0.56415000
7741.06138513 0.62539000
7791.00477836 0.65025000
7840.94817158 0.65800000
7890.89156481 0.65976000
7940.83495803 0.66029000
7990.77835126 0.66117000
8040.72174448 0.66404000
8090.66513771 0.66742000
8140.60853093 0.67099000
8190.55192416 0.67461000
8240.49531738 0.67831000
8290.43871061 0.68057000
8340.38210383 0.68241000
8390.32549706 0.68462000
8440.26889028 0.68696000
8490.21228351 0.69023000
8540.15567673 0.69478000
8590.09906996 0.69960000
8640.04246318 0.70511000
8689.98585641 0.71001000
8739.92924963 0.71528000
8789.87264286 0.72044000
8839.81603608 0.72547000
8889.75942931 0.73024000
8939.70282253 0.73423000
8989.64621576 0.73766000
9039.58960898 0.74112000
9089.53300221 0.74413000
9139.47639543 0.74669000
9189.41978866 0.74866000
9239.36318188 0.74959000
9289.30657511 0.75001000
9339.24996833 0.75017000
9389.19336156 0.74908000
9439.13675478 0.74682000
9489.08014801 0.74099000
9539.02354123 0.72680000
9588.96693446 0.69561000
9638.91032768 0.63625000
9688.85372091 0.54400000
9738.79711413 0.42390000
9788.74050736 0.29500000
9838.68390058 0.17990000
9888.62729381 0.09486000
9938.57068703 0.04283000
9988.51408026 0.01642000
10038.45747349 0.00532000
10088.40086671 0.00144000
10138.34425994 0.00032000
10188.28765316 0.00005000
