# wave trans
 4600.00  0.00008
 4650.00  0.00138
 4700.00  0.01384
 4750.00  0.06875
 4800.00  0.18344
 4850.00  0.29492
 4900.00  0.34485
 4950.00  0.35339
 5000.00  0.35249
 5050.00  0.35329
 5100.00  0.35629
 5150.00  0.36125
 5200.00  0.36803
 5250.00  0.37647
 5300.00  0.38611
 5350.00  0.39707
 5400.00  0.40900
 5450.00  0.42137
 5500.00  0.43455
 5550.00  0.44823
 5600.00  0.46303
 5650.00  0.47847
 5700.00  0.49430
 5750.00  0.51019
 5800.00  0.52571
 5850.00  0.54054
 5900.00  0.55433
 5950.00  0.56665
 6000.00  0.57719
 6050.00  0.58507
 6100.00  0.59188
 6150.00  0.59726
 6200.00  0.60173
 6250.00  0.60570
 6300.00  0.61017
 6350.00  0.61384
 6400.00  0.61669
 6450.00  0.61876
 6500.00  0.61994
 6550.00  0.62018
 6600.00  0.61919
 6650.00  0.61821
 6700.00  0.61672
 6750.00  0.61549
 6800.00  0.61581
 6850.00  0.61618
 6900.00  0.61664
 6950.00  0.61685
 7000.00  0.61669
 7050.00  0.61541
 7100.00  0.61379
 7150.00  0.61216
 7200.00  0.61086
 7250.00  0.61025
 7300.00  0.60985
 7350.00  0.60849
 7400.00  0.60330
 7450.00  0.58501
 7500.00  0.53625
 7550.00  0.44464
 7600.00  0.31589
 7650.00  0.18390
 7700.00  0.08470
 7750.00  0.03010
 7800.00  0.00809
 7850.00  0.00162
 7900.00  0.00024
 7950.00  0.00003