# wave trans
10800.00  0.00005
10850.00  0.00019
10900.00  0.00072
10950.00  0.00242
11000.00  0.00711
11050.00  0.01834
11100.00  0.04168
11150.00  0.08392
11200.00  0.15025
11250.00  0.24064
11300.00  0.34788
11350.00  0.45818
11400.00  0.55680
11450.00  0.63327
11500.00  0.68525
11550.00  0.71562
11600.00  0.73125
11650.00  0.73870
11700.00  0.74168
11750.00  0.74331
11800.00  0.74437
11850.00  0.74482
11900.00  0.74570
11950.00  0.74658
12000.00  0.74698
12050.00  0.74748
12100.00  0.74844
12150.00  0.74943
12200.00  0.74996
12250.00  0.75081
12300.00  0.75172
12350.00  0.75233
12400.00  0.75286
12450.00  0.75353
12500.00  0.75361
12550.00  0.75390
12600.00  0.75398
12650.00  0.75382
12700.00  0.75358
12750.00  0.75350
12800.00  0.75339
12850.00  0.75289
12900.00  0.75286
12950.00  0.75270
13000.00  0.75262
13050.00  0.75294
13100.00  0.75291
13150.00  0.75337
13200.00  0.75387
13250.00  0.75401
13300.00  0.75467
13350.00  0.75536
13400.00  0.75566
13450.00  0.75637
13500.00  0.75720
13550.00  0.75771
13600.00  0.75866
13650.00  0.75928
13700.00  0.76026
13750.00  0.76130
13800.00  0.76186
13850.00  0.76295
13900.00  0.76359
13950.00  0.76383
14000.00  0.76372
14050.00  0.76260
14100.00  0.76013
14150.00  0.75523
14200.00  0.74631
14250.00  0.73064
14300.00  0.70410
14350.00  0.66407
14400.00  0.60804
14450.00  0.53655
14500.00  0.45358
14550.00  0.36476
14600.00  0.27732
14650.00  0.19838
14700.00  0.13298
14750.00  0.08328
14800.00  0.04852
14850.00  0.02630
14900.00  0.01320
14950.00  0.00615
15000.00  0.00264
15050.00  0.00104
15100.00  0.00037
15150.00  0.00013
15200.00  0.00005
