 wave trans
16050.00  0.00003
16100.00  0.00008
16150.00  0.00021
16200.00  0.00051
16250.00  0.00120
16300.00  0.00264
16350.00  0.00546
16400.00  0.01073
16450.00  0.01986
16500.00  0.03471
16550.00  0.05744
16600.00  0.08999
16650.00  0.13378
16700.00  0.18898
16750.00  0.25414
16800.00  0.32638
16850.00  0.40170
16900.00  0.47501
16950.00  0.54205
17000.00  0.60000
17050.00  0.64679
17100.00  0.68230
17150.00  0.70751
17200.00  0.72475
17250.00  0.73543
17300.00  0.74179
17350.00  0.74557
17400.00  0.74764
17450.00  0.74852
17500.00  0.74927
17550.00  0.74900
17600.00  0.74895
17650.00  0.74834
17700.00  0.74759
17750.00  0.74685
17800.00  0.74607
17850.00  0.74573
17900.00  0.74504
17950.00  0.74448
18000.00  0.74371
18050.00  0.74323
18100.00  0.74336
18150.00  0.74299
18200.00  0.74344
18250.00  0.74378
18300.00  0.74421
18350.00  0.74464
18400.00  0.74509
18450.00  0.74554
18500.00  0.74597
18550.00  0.74634
18600.00  0.74674
18650.00  0.74751
18700.00  0.74786
18750.00  0.74855
18800.00  0.74884
18850.00  0.74906
18900.00  0.74884
18950.00  0.74892
19000.00  0.74892
19050.00  0.74874
19100.00  0.74882
19150.00  0.74842
19200.00  0.74788
19250.00  0.74751
19300.00  0.74647
19350.00  0.74533
19400.00  0.74333
19450.00  0.74064
19500.00  0.73548
19550.00  0.72742
19600.00  0.71485
19650.00  0.69670
19700.00  0.67237
19750.00  0.64006
19800.00  0.59968
19850.00  0.55137
19900.00  0.49614
19950.00  0.43575
20000.00  0.37280
20050.00  0.30969
20100.00  0.24940
20150.00  0.19441
20200.00  0.14642
20250.00  0.10641
20300.00  0.07455
20350.00  0.05031
20400.00  0.03266
20450.00  0.02036
20500.00  0.01222
20550.00  0.00703
20600.00  0.00389
20650.00  0.00205
20700.00  0.00104
20750.00  0.00051
20800.00  0.00024
20850.00  0.00011
20900.00  0.00005
20950.00  0.00003
