# wave trans
13150.00  0.00003
13200.00  0.00008
13250.00  0.00024
13300.00  0.00075
13350.00  0.00202
13400.00  0.00503
13450.00  0.01145
13500.00  0.02398
13550.00  0.04613
13600.00  0.08185
13650.00  0.13407
13700.00  0.20373
13750.00  0.28813
13800.00  0.38092
13850.00  0.47421
13900.00  0.55901
13950.00  0.62912
14000.00  0.68185
14050.00  0.71759
14100.00  0.73966
14150.00  0.75206
14200.00  0.75872
14250.00  0.76242
14300.00  0.76396
14350.00  0.76495
14400.00  0.76513
14450.00  0.76484
14500.00  0.76503
14550.00  0.76537
14600.00  0.76561
14650.00  0.76577
14700.00  0.76593
14750.00  0.76636
14800.00  0.76636
14850.00  0.76678
14900.00  0.76689
14950.00  0.76739
15000.00  0.76755
15050.00  0.76766
15100.00  0.76825
15150.00  0.76865
15200.00  0.76907
15250.00  0.76976
15300.00  0.76998
15350.00  0.77067
15400.00  0.77136
15450.00  0.77187
15500.00  0.77240
15550.00  0.77280
15600.00  0.77320
15650.00  0.77344
15700.00  0.77405
15750.00  0.77434
15800.00  0.77466
15850.00  0.77522
15900.00  0.77589
15950.00  0.77674
16000.00  0.77780
16050.00  0.77884
16100.00  0.77998
16150.00  0.78100
16200.00  0.78209
16250.00  0.78358
16300.00  0.78509
16350.00  0.78619
16400.00  0.78722
16450.00  0.78818
16500.00  0.78906
16550.00  0.79015
16600.00  0.79066
16650.00  0.79156
16700.00  0.79239
16750.00  0.79276
16800.00  0.79311
16850.00  0.79380
16900.00  0.79409
16950.00  0.79430
17000.00  0.79497
17050.00  0.79550
17100.00  0.79579
17150.00  0.79537
17200.00  0.79436
17250.00  0.79127
17300.00  0.78536
17350.00  0.77538
17400.00  0.75933
17450.00  0.73500
17500.00  0.70125
17550.00  0.65590
17600.00  0.59981
17650.00  0.53354
17700.00  0.46015
17750.00  0.38347
17800.00  0.30780
17850.00  0.23748
17900.00  0.17546
17950.00  0.12401
18000.00  0.08363
18050.00  0.05379
18100.00  0.03295
18150.00  0.01919
18200.00  0.01062
18250.00  0.00559
18300.00  0.00279
18350.00  0.00130
18400.00  0.00059
18450.00  0.00024
18500.00  0.00011
18550.00  0.00003
18600.00  0.00003
