 wave trans
18600.00  0.00003
18650.00  0.00008
18700.00  0.00016
18750.00  0.00037
18800.00  0.00080
18850.00  0.00165
18900.00  0.00322
18950.00  0.00599
19000.00  0.01067
19050.00  0.01823
19100.00  0.02986
19150.00  0.04687
19200.00  0.07061
19250.00  0.10229
19300.00  0.14240
19350.00  0.19100
19400.00  0.24709
19450.00  0.30902
19500.00  0.37386
19550.00  0.43875
19600.00  0.50037
19650.00  0.55616
19700.00  0.60479
19750.00  0.64461
19800.00  0.67586
19850.00  0.69925
19900.00  0.71594
19950.00  0.72728
20000.00  0.73495
20050.00  0.73945
20100.00  0.74208
20150.00  0.74355
20200.00  0.74434
20250.00  0.74477
20300.00  0.74501
20350.00  0.74562
20400.00  0.74573
20450.00  0.74591
20500.00  0.74610
20550.00  0.74669
20600.00  0.74685
20650.00  0.74748
20700.00  0.74772
20750.00  0.74804
20800.00  0.74874
20850.00  0.74911
20900.00  0.74953
20950.00  0.74999
21000.00  0.75047
21050.00  0.75110
21100.00  0.75180
21150.00  0.75273
21200.00  0.75366
21250.00  0.75398
21300.00  0.75510
21350.00  0.75574
21400.00  0.75629
21450.00  0.75720
21500.00  0.75749
21550.00  0.75765
21600.00  0.75771
21650.00  0.75787
21700.00  0.75789
21750.00  0.75768
21800.00  0.75736
21850.00  0.75699
21900.00  0.75656
21950.00  0.75651
22000.00  0.75627
22050.00  0.75611
22100.00  0.75534
22150.00  0.75419
22200.00  0.75323
22250.00  0.75124
22300.00  0.74908
22350.00  0.74597
22400.00  0.74187
22450.00  0.73569
22500.00  0.72691
22550.00  0.71533
22600.00  0.69875
22650.00  0.67754
22700.00  0.65055
22750.00  0.61738
22800.00  0.57799
22850.00  0.53274
22900.00  0.48257
22950.00  0.42877
23000.00  0.37336
23050.00  0.31770
23100.00  0.26436
23150.00  0.21448
23200.00  0.16947
23250.00  0.13042
23300.00  0.09766
23350.00  0.07101
23400.00  0.05020
23450.00  0.03444
23500.00  0.02289
23550.00  0.01477
23600.00  0.00924
23650.00  0.00559
23700.00  0.00327
23750.00  0.00186
23800.00  0.00104
23850.00  0.00056
23900.00  0.00029
23950.00  0.00013
24000.00  0.00008
24050.00  0.00003
24100.00  0.00003
