# wave  trans
 7250.00  0.00003
 7300.00  0.00024
 7350.00  0.00152
 7400.00  0.00751
 7450.00  0.02816
 7500.00  0.08049
 7550.00  0.17903
 7600.00  0.31589
 7650.00  0.45667
 7700.00  0.56415
 7750.00  0.62539
 7800.00  0.65025
 7850.00  0.65800
 7900.00  0.65976
 7950.00  0.66029
 8000.00  0.66117
 8050.00  0.66404
 8100.00  0.66742
 8150.00  0.67099
 8200.00  0.67461
 8250.00  0.67831
 8300.00  0.68057
 8350.00  0.68241
 8400.00  0.68462
 8450.00  0.68696
 8500.00  0.69023
 8550.00  0.69478
 8600.00  0.69960
 8650.00  0.70511
 8700.00  0.71001
 8750.00  0.71528
 8800.00  0.72044
 8850.00  0.72547
 8900.00  0.73024
 8950.00  0.73423
 9000.00  0.73766
 9050.00  0.74112
 9100.00  0.74413
 9150.00  0.74669
 9200.00  0.74866
 9250.00  0.74959
 9300.00  0.75001
 9350.00  0.75017
 9400.00  0.74908
 9450.00  0.74682
 9500.00  0.74099
 9550.00  0.72680
 9600.00  0.69561
 9650.00  0.63625
 9700.00  0.54400
 9750.00  0.42390
 9800.00  0.29500
 9850.00  0.17990
 9900.00  0.09486
 9950.00  0.04283
10000.00  0.01642
10050.00  0.00532
10100.00  0.00144
10150.00  0.00032
10200.00  0.00005
