 wave trans
 8850.00  0.00003
 8900.00  0.00024
 8950.00  0.00117
 9000.00  0.00474
 9050.00  0.01581
 9100.00  0.04363
 9150.00  0.10037
 9200.00  0.19425
 9250.00  0.31999
 9300.00  0.45669
 9350.00  0.57732
 9400.00  0.66298
 9450.00  0.71235
 9500.00  0.73508
 9550.00  0.74347
 9600.00  0.74594
 9650.00  0.74578
 9700.00  0.74544
 9750.00  0.74448
 9800.00  0.74389
 9850.00  0.74293
 9900.00  0.74187
 9950.00  0.74128
10000.00  0.74038
10050.00  0.73993
10100.00  0.73953
10150.00  0.73915
10200.00  0.73881
10250.00  0.73849
10300.00  0.73822
10350.00  0.73758
10400.00  0.73745
10450.00  0.73732
10500.00  0.73726
10550.00  0.73729
10600.00  0.73737
10650.00  0.73750
10700.00  0.73769
10750.00  0.73790
10800.00  0.73814
10850.00  0.73878
10900.00  0.73897
10950.00  0.73918
11000.00  0.73974
11050.00  0.73937
11100.00  0.73937
11150.00  0.73971
11200.00  0.74003
11250.00  0.73995
11300.00  0.74035
11350.00  0.74054
11400.00  0.74075
11450.00  0.74083
11500.00  0.74134
11550.00  0.74155
11600.00  0.74182
11650.00  0.74251
11700.00  0.74288
11750.00  0.74365
11800.00  0.74445
11850.00  0.74485
11900.00  0.74570
11950.00  0.74658
12000.00  0.74698
12050.00  0.74748
12100.00  0.74844
12150.00  0.74943
12200.00  0.74996
12250.00  0.75081
12300.00  0.75172
12350.00  0.75233
12400.00  0.75286
12450.00  0.75353
12500.00  0.75361
12550.00  0.75390
12600.00  0.75398
12650.00  0.75382
12700.00  0.75358
12750.00  0.75350
12800.00  0.75339
12850.00  0.75289
12900.00  0.75286
12950.00  0.75270
13000.00  0.75262
13050.00  0.75294
13100.00  0.75291
13150.00  0.75337
13200.00  0.75387
13250.00  0.75401
13300.00  0.75467
13350.00  0.75536
13400.00  0.75566
13450.00  0.75637
13500.00  0.75720
13550.00  0.75771
13600.00  0.75866
13650.00  0.75928
13700.00  0.76026
13750.00  0.76130
13800.00  0.76186
13850.00  0.76298
13900.00  0.76364
13950.00  0.76404
14000.00  0.76431
14050.00  0.76412
14100.00  0.76383
14150.00  0.76361
14200.00  0.76380
14250.00  0.76444
14300.00  0.76471
14350.00  0.76518
14400.00  0.76521
14450.00  0.76487
14500.00  0.76505
14550.00  0.76537
14600.00  0.76561
14650.00  0.76577
14700.00  0.76593
14750.00  0.76636
14800.00  0.76636
14850.00  0.76678
14900.00  0.76689
14950.00  0.76739
15000.00  0.76755
15050.00  0.76766
15100.00  0.76825
15150.00  0.76865
15200.00  0.76907
15250.00  0.76976
15300.00  0.76998
15350.00  0.77067
15400.00  0.77136
15450.00  0.77187
15500.00  0.77240
15550.00  0.77280
15600.00  0.77320
15650.00  0.77344
15700.00  0.77405
15750.00  0.77434
15800.00  0.77466
15850.00  0.77522
15900.00  0.77589
15950.00  0.77674
16000.00  0.77780
16050.00  0.77884
16100.00  0.77998
16150.00  0.78100
16200.00  0.78209
16250.00  0.78358
16300.00  0.78509
16350.00  0.78619
16400.00  0.78722
16450.00  0.78818
16500.00  0.78906
16550.00  0.79015
16600.00  0.79066
16650.00  0.79156
16700.00  0.79239
16750.00  0.79276
16800.00  0.79311
16850.00  0.79380
16900.00  0.79412
16950.00  0.79436
17000.00  0.79510
17050.00  0.79585
17100.00  0.79659
17150.00  0.79718
17200.00  0.79808
17250.00  0.79856
17300.00  0.79899
17350.00  0.79952
17400.00  0.79997
17450.00  0.80003
17500.00  0.80045
17550.00  0.80000
17600.00  0.79987
17650.00  0.79917
17700.00  0.79840
17750.00  0.79758
17800.00  0.79675
17850.00  0.79641
17900.00  0.79566
17950.00  0.79505
18000.00  0.79422
18050.00  0.79372
18100.00  0.79385
18150.00  0.79348
18200.00  0.79396
18250.00  0.79433
18300.00  0.79476
18350.00  0.79524
18400.00  0.79571
18450.00  0.79619
18500.00  0.79665
18550.00  0.79705
18600.00  0.79744
18650.00  0.79830
18700.00  0.79864
18750.00  0.79941
18800.00  0.79971
18850.00  0.79995
18900.00  0.79973
18950.00  0.79981
19000.00  0.79979
19050.00  0.79960
19100.00  0.79971
19150.00  0.79925
19200.00  0.79867
19250.00  0.79830
19300.00  0.79721
19350.00  0.79595
19400.00  0.79385
19450.00  0.79098
19500.00  0.78544
19550.00  0.77684
19600.00  0.76343
19650.00  0.74402
19700.00  0.71805
19750.00  0.68355
19800.00  0.64040
19850.00  0.58882
19900.00  0.52984
19950.00  0.46534
20000.00  0.39811
20050.00  0.33072
20100.00  0.26636
20150.00  0.20761
20200.00  0.15637
20250.00  0.11365
20300.00  0.07961
20350.00  0.05374
20400.00  0.03487
20450.00  0.02175
20500.00  0.01304
20550.00  0.00751
20600.00  0.00415
20650.00  0.00218
20700.00  0.00112
20750.00  0.00053
20800.00  0.00027
20850.00  0.00011
20900.00  0.00005
20950.00  0.00003
