# wave trans
 8850.00  0.00003
 8900.00  0.00024
 8950.00  0.00117
 9000.00  0.00474
 9050.00  0.01581
 9100.00  0.04363
 9150.00  0.10037
 9200.00  0.19425
 9250.00  0.31999
 9300.00  0.45669
 9350.00  0.57732
 9400.00  0.66298
 9450.00  0.71235
 9500.00  0.73508
 9550.00  0.74347
 9600.00  0.74594
 9650.00  0.74578
 9700.00  0.74544
 9750.00  0.74448
 9800.00  0.74389
 9850.00  0.74293
 9900.00  0.74187
 9950.00  0.74128
10000.00  0.74038
10050.00  0.73993
10100.00  0.73953
10150.00  0.73915
10200.00  0.73881
10250.00  0.73849
10300.00  0.73822
10350.00  0.73758
10400.00  0.73745
10450.00  0.73732
10500.00  0.73726
10550.00  0.73729
10600.00  0.73737
10650.00  0.73750
10700.00  0.73769
10750.00  0.73790
10800.00  0.73814
10850.00  0.73878
10900.00  0.73897
10950.00  0.73918
11000.00  0.73974
11050.00  0.73937
11100.00  0.73937
11150.00  0.73971
11200.00  0.74003
11250.00  0.73995
11300.00  0.74035
11350.00  0.74051
11400.00  0.74067
11450.00  0.74056
11500.00  0.74035
11550.00  0.73857
11600.00  0.73372
11650.00  0.72284
11700.00  0.70019
11750.00  0.66069
11800.00  0.59933
11850.00  0.51546
11900.00  0.41533
11950.00  0.30974
12000.00  0.21158
12050.00  0.13138
12100.00  0.07376
12150.00  0.03721
12200.00  0.01680
12250.00  0.00676
12300.00  0.00242
12350.00  0.00077
12400.00  0.00021
12450.00  0.00005
