# wave trans
16050.00000000 0.00003000
16100.00000000 0.00008000
16150.00000000 0.00021000
16200.00000000 0.00051000
16250.00000000 0.00120000
16300.00000000 0.00264000
16350.00000000 0.00546000
16400.00000000 0.01073000
16450.00000000 0.01986000
16500.00000000 0.03471000
16550.00000000 0.05744000
16600.00000000 0.08999000
16650.00000000 0.13378000
16700.00000000 0.18898000
16750.00000000 0.25414000
16800.00000000 0.32638000
16850.00000000 0.40170000
16900.00000000 0.47501000
16950.00000000 0.54205000
17000.00000000 0.60000000
17050.00000000 0.64679000
17100.00000000 0.68230000
17150.00000000 0.70751000
17200.00000000 0.72475000
17250.00000000 0.73543000
17300.00000000 0.74179000
17350.00000000 0.74557000
17400.00000000 0.74764000
17450.00000000 0.74852000
17500.00000000 0.74927000
17550.00000000 0.74900000
17600.00000000 0.74895000
17650.00000000 0.74834000
17700.00000000 0.74759000
17750.00000000 0.74685000
17800.00000000 0.74607000
17850.00000000 0.74573000
17900.00000000 0.74504000
17950.00000000 0.74448000
18000.00000000 0.74371000
18050.00000000 0.74323000
18100.00000000 0.74336000
18150.00000000 0.74299000
18200.00000000 0.74344000
18250.00000000 0.74378000
18300.00000000 0.74421000
18350.00000000 0.74464000
18400.00000000 0.74509000
18450.00000000 0.74554000
18500.00000000 0.74597000
18550.00000000 0.74634000
18600.00000000 0.74674000
18650.00000000 0.74751000
18700.00000000 0.74786000
18750.00000000 0.74855000
18800.00000000 0.74884000
18850.00000000 0.74906000
18900.00000000 0.74884000
18950.00000000 0.74892000
19000.00000000 0.74892000
19050.00000000 0.74874000
19100.00000000 0.74882000
19150.00000000 0.74842000
19200.00000000 0.74788000
19250.00000000 0.74751000
19300.00000000 0.74647000
19350.00000000 0.74533000
19400.00000000 0.74333000
19450.00000000 0.74064000
19500.00000000 0.73548000
19550.00000000 0.72742000
19600.00000000 0.71485000
19650.00000000 0.69670000
19700.00000000 0.67237000
19750.00000000 0.64006000
19800.00000000 0.59968000
19850.00000000 0.55137000
19900.00000000 0.49614000
19950.00000000 0.43575000
20000.00000000 0.37280000
20050.00000000 0.30969000
20100.00000000 0.24940000
20150.00000000 0.19441000
20200.00000000 0.14642000
20250.00000000 0.10641000
20300.00000000 0.07455000
20350.00000000 0.05031000
20400.00000000 0.03266000
20450.00000000 0.02036000
20500.00000000 0.01222000
20550.00000000 0.00703000
20600.00000000 0.00389000
20650.00000000 0.00205000
20700.00000000 0.00104000
20750.00000000 0.00051000
20800.00000000 0.00024000
20850.00000000 0.00011000
20900.00000000 0.00005000
20950.00000000 0.00003000
