# wave trans
16030.34695254 0.00003000
16080.28572809 0.00008000
16130.22450364 0.00021000
16180.16327920 0.00051000
16230.10205475 0.00120000
16280.04083030 0.00264000
16329.97960586 0.00546000
16379.91838141 0.01073000
16429.85715696 0.01986000
16479.79593252 0.03471000
16529.73470807 0.05744000
16579.67348362 0.08999000
16629.61225918 0.13378000
16679.55103473 0.18898000
16729.48981028 0.25414000
16779.42858583 0.32638000
16829.36736139 0.40170000
16879.30613694 0.47501000
16929.24491249 0.54205000
16979.18368805 0.60000000
17029.12246360 0.64679000
17079.06123915 0.68230000
17129.00001471 0.70751000
17178.93879026 0.72475000
17228.87756581 0.73543000
17278.81634137 0.74179000
17328.75511692 0.74557000
17378.69389247 0.74764000
17428.63266802 0.74852000
17478.57144358 0.74927000
17528.51021913 0.74900000
17578.44899468 0.74895000
17628.38777024 0.74834000
17678.32654579 0.74759000
17728.26532134 0.74685000
17778.20409690 0.74607000
17828.14287245 0.74573000
17878.08164800 0.74504000
17928.02042356 0.74448000
17977.95919911 0.74371000
18027.89797466 0.74323000
18077.83675021 0.74336000
18127.77552577 0.74299000
18177.71430132 0.74344000
18227.65307687 0.74378000
18277.59185243 0.74421000
18327.53062798 0.74464000
18377.46940353 0.74509000
18427.40817909 0.74554000
18477.34695464 0.74597000
18527.28573019 0.74634000
18577.22450575 0.74674000
18627.16328130 0.74751000
18677.10205685 0.74786000
18727.04083240 0.74855000
18776.97960796 0.74884000
18826.91838351 0.74906000
18876.85715906 0.74884000
18926.79593462 0.74892000
18976.73471017 0.74892000
19026.67348572 0.74874000
19076.61226128 0.74882000
19126.55103683 0.74842000
19176.48981238 0.74788000
19226.42858794 0.74751000
19276.36736349 0.74647000
19326.30613904 0.74533000
19376.24491459 0.74333000
19426.18369015 0.74064000
19476.12246570 0.73548000
19526.06124125 0.72742000
19576.00001681 0.71485000
19625.93879236 0.69670000
19675.87756791 0.67237000
19725.81634347 0.64006000
19775.75511902 0.59968000
19825.69389457 0.55137000
19875.63267013 0.49614000
19925.57144568 0.43575000
19975.51022123 0.37280000
20025.44899678 0.30969000
20075.38777234 0.24940000
20125.32654789 0.19441000
20175.26532344 0.14642000
20225.20409900 0.10641000
20275.14287455 0.07455000
20325.08165010 0.05031000
20375.02042566 0.03266000
20424.95920121 0.02036000
20474.89797676 0.01222000
20524.83675232 0.00703000
20574.77552787 0.00389000
20624.71430342 0.00205000
20674.65307897 0.00104000
20724.59185453 0.00051000
20774.53063008 0.00024000
20824.46940563 0.00011000
20874.40818119 0.00005000
20924.34695674 0.00003000
