# wave trans
16051.05744128 0.00003000
16101.06073549 0.00008000
16151.06402970 0.00021000
16201.06732391 0.00051000
16251.07061812 0.00120000
16301.07391233 0.00264000
16351.07720654 0.00546000
16401.08050075 0.01073000
16451.08379496 0.01986000
16501.08708917 0.03471000
16551.09038338 0.05744000
16601.09367759 0.08999000
16651.09697180 0.13378000
16701.10026601 0.18898000
16751.10356022 0.25414000
16801.10685443 0.32638000
16851.11014864 0.40170000
16901.11344285 0.47501000
16951.11673706 0.54205000
17001.12003127 0.60000000
17051.12332548 0.64679000
17101.12661969 0.68230000
17151.12991390 0.70751000
17201.13320811 0.72475000
17251.13650232 0.73543000
17301.13979653 0.74179000
17351.14309073 0.74557000
17401.14638494 0.74764000
17451.14967915 0.74852000
17501.15297336 0.74927000
17551.15626757 0.74900000
17601.15956178 0.74895000
17651.16285599 0.74834000
17701.16615020 0.74759000
17751.16944441 0.74685000
17801.17273862 0.74607000
17851.17603283 0.74573000
17901.17932704 0.74504000
17951.18262125 0.74448000
18001.18591546 0.74371000
18051.18920967 0.74323000
18101.19250388 0.74336000
18151.19579809 0.74299000
18201.19909230 0.74344000
18251.20238651 0.74378000
18301.20568072 0.74421000
18351.20897493 0.74464000
18401.21226914 0.74509000
18451.21556335 0.74554000
18501.21885756 0.74597000
18551.22215177 0.74634000
18601.22544597 0.74674000
18651.22874018 0.74751000
18701.23203439 0.74786000
18751.23532860 0.74855000
18801.23862281 0.74884000
18851.24191702 0.74906000
18901.24521123 0.74884000
18951.24850544 0.74892000
19001.25179965 0.74892000
19051.25509386 0.74874000
19101.25838807 0.74882000
19151.26168228 0.74842000
19201.26497649 0.74788000
19251.26827070 0.74751000
19301.27156491 0.74647000
19351.27485912 0.74533000
19401.27815333 0.74333000
19451.28144754 0.74064000
19501.28474175 0.73548000
19551.28803596 0.72742000
19601.29133017 0.71485000
19651.29462438 0.69670000
19701.29791859 0.67237000
19751.30121280 0.64006000
19801.30450701 0.59968000
19851.30780122 0.55137000
19901.31109542 0.49614000
19951.31438963 0.43575000
20001.31768384 0.37280000
20051.32097805 0.30969000
20101.32427226 0.24940000
20151.32756647 0.19441000
20201.33086068 0.14642000
20251.33415489 0.10641000
20301.33744910 0.07455000
20351.34074331 0.05031000
20401.34403752 0.03266000
20451.34733173 0.02036000
20501.35062594 0.01222000
20551.35392015 0.00703000
20601.35721436 0.00389000
20651.36050857 0.00205000
20701.36380278 0.00104000
20751.36709699 0.00051000
20801.37039120 0.00024000
20851.37368541 0.00011000
20901.37697962 0.00005000
20951.38027383 0.00003000
