# wave trans
16023.31253232 0.00003000
16073.22939379 0.00008000
16123.14625526 0.00021000
16173.06311673 0.00051000
16222.97997820 0.00120000
16272.89683968 0.00264000
16322.81370115 0.00546000
16372.73056262 0.01073000
16422.64742409 0.01986000
16472.56428556 0.03471000
16522.48114703 0.05744000
16572.39800850 0.08999000
16622.31486998 0.13378000
16672.23173145 0.18898000
16722.14859292 0.25414000
16772.06545439 0.32638000
16821.98231586 0.40170000
16871.89917733 0.47501000
16921.81603880 0.54205000
16971.73290028 0.60000000
17021.64976175 0.64679000
17071.56662322 0.68230000
17121.48348469 0.70751000
17171.40034616 0.72475000
17221.31720763 0.73543000
17271.23406910 0.74179000
17321.15093058 0.74557000
17371.06779205 0.74764000
17420.98465352 0.74852000
17470.90151499 0.74927000
17520.81837646 0.74900000
17570.73523793 0.74895000
17620.65209940 0.74834000
17670.56896087 0.74759000
17720.48582235 0.74685000
17770.40268382 0.74607000
17820.31954529 0.74573000
17870.23640676 0.74504000
17920.15326823 0.74448000
17970.07012970 0.74371000
18019.98699117 0.74323000
18069.90385265 0.74336000
18119.82071412 0.74299000
18169.73757559 0.74344000
18219.65443706 0.74378000
18269.57129853 0.74421000
18319.48816000 0.74464000
18369.40502147 0.74509000
18419.32188295 0.74554000
18469.23874442 0.74597000
18519.15560589 0.74634000
18569.07246736 0.74674000
18618.98932883 0.74751000
18668.90619030 0.74786000
18718.82305177 0.74855000
18768.73991325 0.74884000
18818.65677472 0.74906000
18868.57363619 0.74884000
18918.49049766 0.74892000
18968.40735913 0.74892000
19018.32422060 0.74874000
19068.24108207 0.74882000
19118.15794355 0.74842000
19168.07480502 0.74788000
19217.99166649 0.74751000
19267.90852796 0.74647000
19317.82538943 0.74533000
19367.74225090 0.74333000
19417.65911237 0.74064000
19467.57597385 0.73548000
19517.49283532 0.72742000
19567.40969679 0.71485000
19617.32655826 0.69670000
19667.24341973 0.67237000
19717.16028120 0.64006000
19767.07714267 0.59968000
19816.99400414 0.55137000
19866.91086562 0.49614000
19916.82772709 0.43575000
19966.74458856 0.37280000
20016.66145003 0.30969000
20066.57831150 0.24940000
20116.49517297 0.19441000
20166.41203444 0.14642000
20216.32889592 0.10641000
20266.24575739 0.07455000
20316.16261886 0.05031000
20366.07948033 0.03266000
20415.99634180 0.02036000
20465.91320327 0.01222000
20515.83006474 0.00703000
20565.74692622 0.00389000
20615.66378769 0.00205000
20665.58064916 0.00104000
20715.49751063 0.00051000
20765.41437210 0.00024000
20815.33123357 0.00011000
20865.24809504 0.00005000
20915.16495652 0.00003000
