# wave trans
16009.79773929 0.00003000
16059.67249860 0.00008000
16109.54725791 0.00021000
16159.42201722 0.00051000
16209.29677654 0.00120000
16259.17153585 0.00264000
16309.04629516 0.00546000
16358.92105447 0.01073000
16408.79581378 0.01986000
16458.67057310 0.03471000
16508.54533241 0.05744000
16558.42009172 0.08999000
16608.29485103 0.13378000
16658.16961035 0.18898000
16708.04436966 0.25414000
16757.91912897 0.32638000
16807.79388828 0.40170000
16857.66864760 0.47501000
16907.54340691 0.54205000
16957.41816622 0.60000000
17007.29292553 0.64679000
17057.16768485 0.68230000
17107.04244416 0.70751000
17156.91720347 0.72475000
17206.79196278 0.73543000
17256.66672210 0.74179000
17306.54148141 0.74557000
17356.41624072 0.74764000
17406.29100003 0.74852000
17456.16575935 0.74927000
17506.04051866 0.74900000
17555.91527797 0.74895000
17605.79003728 0.74834000
17655.66479660 0.74759000
17705.53955591 0.74685000
17755.41431522 0.74607000
17805.28907453 0.74573000
17855.16383384 0.74504000
17905.03859316 0.74448000
17954.91335247 0.74371000
18004.78811178 0.74323000
18054.66287109 0.74336000
18104.53763041 0.74299000
18154.41238972 0.74344000
18204.28714903 0.74378000
18254.16190834 0.74421000
18304.03666766 0.74464000
18353.91142697 0.74509000
18403.78618628 0.74554000
18453.66094559 0.74597000
18503.53570491 0.74634000
18553.41046422 0.74674000
18603.28522353 0.74751000
18653.15998284 0.74786000
18703.03474216 0.74855000
18752.90950147 0.74884000
18802.78426078 0.74906000
18852.65902009 0.74884000
18902.53377941 0.74892000
18952.40853872 0.74892000
19002.28329803 0.74874000
19052.15805734 0.74882000
19102.03281666 0.74842000
19151.90757597 0.74788000
19201.78233528 0.74751000
19251.65709459 0.74647000
19301.53185390 0.74533000
19351.40661322 0.74333000
19401.28137253 0.74064000
19451.15613184 0.73548000
19501.03089115 0.72742000
19550.90565047 0.71485000
19600.78040978 0.69670000
19650.65516909 0.67237000
19700.52992840 0.64006000
19750.40468772 0.59968000
19800.27944703 0.55137000
19850.15420634 0.49614000
19900.02896565 0.43575000
19949.90372497 0.37280000
19999.77848428 0.30969000
20049.65324359 0.24940000
20099.52800290 0.19441000
20149.40276222 0.14642000
20199.27752153 0.10641000
20249.15228084 0.07455000
20299.02704015 0.05031000
20348.90179947 0.03266000
20398.77655878 0.02036000
20448.65131809 0.01222000
20498.52607740 0.00703000
20548.40083672 0.00389000
20598.27559603 0.00205000
20648.15035534 0.00104000
20698.02511465 0.00051000
20747.89987396 0.00024000
20797.77463328 0.00011000
20847.64939259 0.00005000
20897.52415190 0.00003000
