# wave trans
15978.04793652 0.00003000
16027.82378679 0.00008000
16077.59963706 0.00021000
16127.37548733 0.00051000
16177.15133760 0.00120000
16226.92718787 0.00264000
16276.70303814 0.00546000
16326.47888841 0.01073000
16376.25473868 0.01986000
16426.03058895 0.03471000
16475.80643922 0.05744000
16525.58228949 0.08999000
16575.35813976 0.13378000
16625.13399002 0.18898000
16674.90984029 0.25414000
16724.68569056 0.32638000
16774.46154083 0.40170000
16824.23739110 0.47501000
16874.01324137 0.54205000
16923.78909164 0.60000000
16973.56494191 0.64679000
17023.34079218 0.68230000
17073.11664245 0.70751000
17122.89249272 0.72475000
17172.66834299 0.73543000
17222.44419326 0.74179000
17272.22004353 0.74557000
17321.99589380 0.74764000
17371.77174407 0.74852000
17421.54759434 0.74927000
17471.32344461 0.74900000
17521.09929488 0.74895000
17570.87514515 0.74834000
17620.65099542 0.74759000
17670.42684569 0.74685000
17720.20269595 0.74607000
17769.97854622 0.74573000
17819.75439649 0.74504000
17869.53024676 0.74448000
17919.30609703 0.74371000
17969.08194730 0.74323000
18018.85779757 0.74336000
18068.63364784 0.74299000
18118.40949811 0.74344000
18168.18534838 0.74378000
18217.96119865 0.74421000
18267.73704892 0.74464000
18317.51289919 0.74509000
18367.28874946 0.74554000
18417.06459973 0.74597000
18466.84045000 0.74634000
18516.61630027 0.74674000
18566.39215054 0.74751000
18616.16800081 0.74786000
18665.94385108 0.74855000
18715.71970135 0.74884000
18765.49555162 0.74906000
18815.27140188 0.74884000
18865.04725215 0.74892000
18914.82310242 0.74892000
18964.59895269 0.74874000
19014.37480296 0.74882000
19064.15065323 0.74842000
19113.92650350 0.74788000
19163.70235377 0.74751000
19213.47820404 0.74647000
19263.25405431 0.74533000
19313.02990458 0.74333000
19362.80575485 0.74064000
19412.58160512 0.73548000
19462.35745539 0.72742000
19512.13330566 0.71485000
19561.90915593 0.69670000
19611.68500620 0.67237000
19661.46085647 0.64006000
19711.23670674 0.59968000
19761.01255701 0.55137000
19810.78840728 0.49614000
19860.56425754 0.43575000
19910.34010781 0.37280000
19960.11595808 0.30969000
20009.89180835 0.24940000
20059.66765862 0.19441000
20109.44350889 0.14642000
20159.21935916 0.10641000
20208.99520943 0.07455000
20258.77105970 0.05031000
20308.54690997 0.03266000
20358.32276024 0.02036000
20408.09861051 0.01222000
20457.87446078 0.00703000
20507.65031105 0.00389000
20557.42616132 0.00205000
20607.20201159 0.00104000
20656.97786186 0.00051000
20706.75371213 0.00024000
20756.52956240 0.00011000
20806.30541267 0.00005000
20856.08126294 0.00003000
