# wave trans
15992.90938870 0.00003000
16042.73153633 0.00008000
16092.55368396 0.00021000
16142.37583159 0.00051000
16192.19797921 0.00120000
16242.02012684 0.00264000
16291.84227447 0.00546000
16341.66442210 0.01073000
16391.48656973 0.01986000
16441.30871736 0.03471000
16491.13086498 0.05744000
16540.95301261 0.08999000
16590.77516024 0.13378000
16640.59730787 0.18898000
16690.41945550 0.25414000
16740.24160313 0.32638000
16790.06375075 0.40170000
16839.88589838 0.47501000
16889.70804601 0.54205000
16939.53019364 0.60000000
16989.35234127 0.64679000
17039.17448890 0.68230000
17088.99663652 0.70751000
17138.81878415 0.72475000
17188.64093178 0.73543000
17238.46307941 0.74179000
17288.28522704 0.74557000
17338.10737467 0.74764000
17387.92952229 0.74852000
17437.75166992 0.74927000
17487.57381755 0.74900000
17537.39596518 0.74895000
17587.21811281 0.74834000
17637.04026044 0.74759000
17686.86240806 0.74685000
17736.68455569 0.74607000
17786.50670332 0.74573000
17836.32885095 0.74504000
17886.15099858 0.74448000
17935.97314621 0.74371000
17985.79529383 0.74323000
18035.61744146 0.74336000
18085.43958909 0.74299000
18135.26173672 0.74344000
18185.08388435 0.74378000
18234.90603198 0.74421000
18284.72817960 0.74464000
18334.55032723 0.74509000
18384.37247486 0.74554000
18434.19462249 0.74597000
18484.01677012 0.74634000
18533.83891775 0.74674000
18583.66106538 0.74751000
18633.48321300 0.74786000
18683.30536063 0.74855000
18733.12750826 0.74884000
18782.94965589 0.74906000
18832.77180352 0.74884000
18882.59395115 0.74892000
18932.41609877 0.74892000
18982.23824640 0.74874000
19032.06039403 0.74882000
19081.88254166 0.74842000
19131.70468929 0.74788000
19181.52683692 0.74751000
19231.34898454 0.74647000
19281.17113217 0.74533000
19330.99327980 0.74333000
19380.81542743 0.74064000
19430.63757506 0.73548000
19480.45972269 0.72742000
19530.28187031 0.71485000
19580.10401794 0.69670000
19629.92616557 0.67237000
19679.74831320 0.64006000
19729.57046083 0.59968000
19779.39260846 0.55137000
19829.21475608 0.49614000
19879.03690371 0.43575000
19928.85905134 0.37280000
19978.68119897 0.30969000
20028.50334660 0.24940000
20078.32549423 0.19441000
20128.14764185 0.14642000
20177.96978948 0.10641000
20227.79193711 0.07455000
20277.61408474 0.05031000
20327.43623237 0.03266000
20377.25838000 0.02036000
20427.08052762 0.01222000
20476.90267525 0.00703000
20526.72482288 0.00389000
20576.54697051 0.00205000
20626.36911814 0.00104000
20676.19126577 0.00051000
20726.01341339 0.00024000
20775.83556102 0.00011000
20825.65770865 0.00005000
20875.47985628 0.00003000
