# wave trans
15980.73481374 0.00003000
16030.51903434 0.00008000
16080.30325495 0.00021000
16130.08747555 0.00051000
16179.87169615 0.00120000
16229.65591676 0.00264000
16279.44013736 0.00546000
16329.22435796 0.01073000
16379.00857857 0.01986000
16428.79279917 0.03471000
16478.57701978 0.05744000
16528.36124038 0.08999000
16578.14546098 0.13378000
16627.92968159 0.18898000
16677.71390219 0.25414000
16727.49812279 0.32638000
16777.28234340 0.40170000
16827.06656400 0.47501000
16876.85078460 0.54205000
16926.63500521 0.60000000
16976.41922581 0.64679000
17026.20344641 0.68230000
17075.98766702 0.70751000
17125.77188762 0.72475000
17175.55610822 0.73543000
17225.34032883 0.74179000
17275.12454943 0.74557000
17324.90877004 0.74764000
17374.69299064 0.74852000
17424.47721124 0.74927000
17474.26143185 0.74900000
17524.04565245 0.74895000
17573.82987305 0.74834000
17623.61409366 0.74759000
17673.39831426 0.74685000
17723.18253486 0.74607000
17772.96675547 0.74573000
17822.75097607 0.74504000
17872.53519667 0.74448000
17922.31941728 0.74371000
17972.10363788 0.74323000
18021.88785849 0.74336000
18071.67207909 0.74299000
18121.45629969 0.74344000
18171.24052030 0.74378000
18221.02474090 0.74421000
18270.80896150 0.74464000
18320.59318211 0.74509000
18370.37740271 0.74554000
18420.16162331 0.74597000
18469.94584392 0.74634000
18519.73006452 0.74674000
18569.51428512 0.74751000
18619.29850573 0.74786000
18669.08272633 0.74855000
18718.86694694 0.74884000
18768.65116754 0.74906000
18818.43538814 0.74884000
18868.21960875 0.74892000
18918.00382935 0.74892000
18967.78804995 0.74874000
19017.57227056 0.74882000
19067.35649116 0.74842000
19117.14071176 0.74788000
19166.92493237 0.74751000
19216.70915297 0.74647000
19266.49337357 0.74533000
19316.27759418 0.74333000
19366.06181478 0.74064000
19415.84603538 0.73548000
19465.63025599 0.72742000
19515.41447659 0.71485000
19565.19869720 0.69670000
19614.98291780 0.67237000
19664.76713840 0.64006000
19714.55135901 0.59968000
19764.33557961 0.55137000
19814.11980021 0.49614000
19863.90402082 0.43575000
19913.68824142 0.37280000
19963.47246202 0.30969000
20013.25668263 0.24940000
20063.04090323 0.19441000
20112.82512383 0.14642000
20162.60934444 0.10641000
20212.39356504 0.07455000
20262.17778565 0.05031000
20311.96200625 0.03266000
20361.74622685 0.02036000
20411.53044746 0.01222000
20461.31466806 0.00703000
20511.09888866 0.00389000
20560.88310927 0.00205000
20610.66732987 0.00104000
20660.45155047 0.00051000
20710.23577108 0.00024000
20760.01999168 0.00011000
20809.80421228 0.00005000
20859.58843289 0.00003000
