# wave trans
16022.14887182 0.00003000
16072.06210818 0.00008000
16121.97534454 0.00021000
16171.88858090 0.00051000
16221.80181726 0.00120000
16271.71505363 0.00264000
16321.62828999 0.00546000
16371.54152635 0.01073000
16421.45476271 0.01986000
16471.36799907 0.03471000
16521.28123543 0.05744000
16571.19447179 0.08999000
16621.10770815 0.13378000
16671.02094451 0.18898000
16720.93418087 0.25414000
16770.84741723 0.32638000
16820.76065359 0.40170000
16870.67388995 0.47501000
16920.58712632 0.54205000
16970.50036268 0.60000000
17020.41359904 0.64679000
17070.32683540 0.68230000
17120.24007176 0.70751000
17170.15330812 0.72475000
17220.06654448 0.73543000
17269.97978084 0.74179000
17319.89301720 0.74557000
17369.80625356 0.74764000
17419.71948992 0.74852000
17469.63272628 0.74927000
17519.54596265 0.74900000
17569.45919901 0.74895000
17619.37243537 0.74834000
17669.28567173 0.74759000
17719.19890809 0.74685000
17769.11214445 0.74607000
17819.02538081 0.74573000
17868.93861717 0.74504000
17918.85185353 0.74448000
17968.76508989 0.74371000
18018.67832625 0.74323000
18068.59156261 0.74336000
18118.50479898 0.74299000
18168.41803534 0.74344000
18218.33127170 0.74378000
18268.24450806 0.74421000
18318.15774442 0.74464000
18368.07098078 0.74509000
18417.98421714 0.74554000
18467.89745350 0.74597000
18517.81068986 0.74634000
18567.72392622 0.74674000
18617.63716258 0.74751000
18667.55039894 0.74786000
18717.46363531 0.74855000
18767.37687167 0.74884000
18817.29010803 0.74906000
18867.20334439 0.74884000
18917.11658075 0.74892000
18967.02981711 0.74892000
19016.94305347 0.74874000
19066.85628983 0.74882000
19116.76952619 0.74842000
19166.68276255 0.74788000
19216.59599891 0.74751000
19266.50923527 0.74647000
19316.42247163 0.74533000
19366.33570800 0.74333000
19416.24894436 0.74064000
19466.16218072 0.73548000
19516.07541708 0.72742000
19565.98865344 0.71485000
19615.90188980 0.69670000
19665.81512616 0.67237000
19715.72836252 0.64006000
19765.64159888 0.59968000
19815.55483524 0.55137000
19865.46807160 0.49614000
19915.38130796 0.43575000
19965.29454433 0.37280000
20015.20778069 0.30969000
20065.12101705 0.24940000
20115.03425341 0.19441000
20164.94748977 0.14642000
20214.86072613 0.10641000
20264.77396249 0.07455000
20314.68719885 0.05031000
20364.60043521 0.03266000
20414.51367157 0.02036000
20464.42690793 0.01222000
20514.34014429 0.00703000
20564.25338066 0.00389000
20614.16661702 0.00205000
20664.07985338 0.00104000
20713.99308974 0.00051000
20763.90632610 0.00024000
20813.81956246 0.00011000
20863.73279882 0.00005000
20913.64603518 0.00003000
