# wave trans
15986.93226224 0.00003000
16036.73578953 0.00008000
16086.53931683 0.00021000
16136.34284413 0.00051000
16186.14637142 0.00120000
16235.94989872 0.00264000
16285.75342602 0.00546000
16335.55695331 0.01073000
16385.36048061 0.01986000
16435.16400791 0.03471000
16484.96753520 0.05744000
16534.77106250 0.08999000
16584.57458980 0.13378000
16634.37811709 0.18898000
16684.18164439 0.25414000
16733.98517169 0.32638000
16783.78869898 0.40170000
16833.59222628 0.47501000
16883.39575358 0.54205000
16933.19928087 0.60000000
16983.00280817 0.64679000
17032.80633547 0.68230000
17082.60986276 0.70751000
17132.41339006 0.72475000
17182.21691736 0.73543000
17232.02044465 0.74179000
17281.82397195 0.74557000
17331.62749925 0.74764000
17381.43102654 0.74852000
17431.23455384 0.74927000
17481.03808114 0.74900000
17530.84160843 0.74895000
17580.64513573 0.74834000
17630.44866303 0.74759000
17680.25219032 0.74685000
17730.05571762 0.74607000
17779.85924492 0.74573000
17829.66277222 0.74504000
17879.46629951 0.74448000
17929.26982681 0.74371000
17979.07335411 0.74323000
18028.87688140 0.74336000
18078.68040870 0.74299000
18128.48393600 0.74344000
18178.28746329 0.74378000
18228.09099059 0.74421000
18277.89451789 0.74464000
18327.69804518 0.74509000
18377.50157248 0.74554000
18427.30509978 0.74597000
18477.10862707 0.74634000
18526.91215437 0.74674000
18576.71568167 0.74751000
18626.51920896 0.74786000
18676.32273626 0.74855000
18726.12626356 0.74884000
18775.92979085 0.74906000
18825.73331815 0.74884000
18875.53684545 0.74892000
18925.34037274 0.74892000
18975.14390004 0.74874000
19024.94742734 0.74882000
19074.75095463 0.74842000
19124.55448193 0.74788000
19174.35800923 0.74751000
19224.16153652 0.74647000
19273.96506382 0.74533000
19323.76859112 0.74333000
19373.57211841 0.74064000
19423.37564571 0.73548000
19473.17917301 0.72742000
19522.98270030 0.71485000
19572.78622760 0.69670000
19622.58975490 0.67237000
19672.39328219 0.64006000
19722.19680949 0.59968000
19772.00033679 0.55137000
19821.80386408 0.49614000
19871.60739138 0.43575000
19921.41091868 0.37280000
19971.21444597 0.30969000
20021.01797327 0.24940000
20070.82150057 0.19441000
20120.62502786 0.14642000
20170.42855516 0.10641000
20220.23208246 0.07455000
20270.03560975 0.05031000
20319.83913705 0.03266000
20369.64266435 0.02036000
20419.44619164 0.01222000
20469.24971894 0.00703000
20519.05324624 0.00389000
20568.85677353 0.00205000
20618.66030083 0.00104000
20668.46382813 0.00051000
20718.26735542 0.00024000
20768.07088272 0.00011000
20817.87441002 0.00005000
20867.67793731 0.00003000
