# wave trans
16006.21730584 0.00003000
16056.08091116 0.00008000
16105.94451647 0.00021000
16155.80812179 0.00051000
16205.67172710 0.00120000
16255.53533241 0.00264000
16305.39893773 0.00546000
16355.26254304 0.01073000
16405.12614836 0.01986000
16454.98975367 0.03471000
16504.85335898 0.05744000
16554.71696430 0.08999000
16604.58056961 0.13378000
16654.44417493 0.18898000
16704.30778024 0.25414000
16754.17138556 0.32638000
16804.03499087 0.40170000
16853.89859618 0.47501000
16903.76220150 0.54205000
16953.62580681 0.60000000
17003.48941213 0.64679000
17053.35301744 0.68230000
17103.21662275 0.70751000
17153.08022807 0.72475000
17202.94383338 0.73543000
17252.80743870 0.74179000
17302.67104401 0.74557000
17352.53464933 0.74764000
17402.39825464 0.74852000
17452.26185995 0.74927000
17502.12546527 0.74900000
17551.98907058 0.74895000
17601.85267590 0.74834000
17651.71628121 0.74759000
17701.57988652 0.74685000
17751.44349184 0.74607000
17801.30709715 0.74573000
17851.17070247 0.74504000
17901.03430778 0.74448000
17950.89791310 0.74371000
18000.76151841 0.74323000
18050.62512372 0.74336000
18100.48872904 0.74299000
18150.35233435 0.74344000
18200.21593967 0.74378000
18250.07954498 0.74421000
18299.94315029 0.74464000
18349.80675561 0.74509000
18399.67036092 0.74554000
18449.53396624 0.74597000
18499.39757155 0.74634000
18549.26117686 0.74674000
18599.12478218 0.74751000
18648.98838749 0.74786000
18698.85199281 0.74855000
18748.71559812 0.74884000
18798.57920344 0.74906000
18848.44280875 0.74884000
18898.30641406 0.74892000
18948.17001938 0.74892000
18998.03362469 0.74874000
19047.89723001 0.74882000
19097.76083532 0.74842000
19147.62444063 0.74788000
19197.48804595 0.74751000
19247.35165126 0.74647000
19297.21525658 0.74533000
19347.07886189 0.74333000
19396.94246721 0.74064000
19446.80607252 0.73548000
19496.66967783 0.72742000
19546.53328315 0.71485000
19596.39688846 0.69670000
19646.26049378 0.67237000
19696.12409909 0.64006000
19745.98770440 0.59968000
19795.85130972 0.55137000
19845.71491503 0.49614000
19895.57852035 0.43575000
19945.44212566 0.37280000
19995.30573098 0.30969000
20045.16933629 0.24940000
20095.03294160 0.19441000
20144.89654692 0.14642000
20194.76015223 0.10641000
20244.62375755 0.07455000
20294.48736286 0.05031000
20344.35096817 0.03266000
20394.21457349 0.02036000
20444.07817880 0.01222000
20493.94178412 0.00703000
20543.80538943 0.00389000
20593.66899475 0.00205000
20643.53260006 0.00104000
20693.39620537 0.00051000
20743.25981069 0.00024000
20793.12341600 0.00011000
20842.98702132 0.00005000
20892.85062663 0.00003000
