# wave trans
15983.86951191 0.00003000
16033.66349793 0.00008000
16083.45748395 0.00021000
16133.25146997 0.00051000
16183.04545599 0.00120000
16232.83944200 0.00264000
16282.63342802 0.00546000
16332.42741404 0.01073000
16382.22140006 0.01986000
16432.01538608 0.03471000
16481.80937210 0.05744000
16531.60335812 0.08999000
16581.39734413 0.13378000
16631.19133015 0.18898000
16680.98531617 0.25414000
16730.77930219 0.32638000
16780.57328821 0.40170000
16830.36727423 0.47501000
16880.16126024 0.54205000
16929.95524626 0.60000000
16979.74923228 0.64679000
17029.54321830 0.68230000
17079.33720432 0.70751000
17129.13119034 0.72475000
17178.92517635 0.73543000
17228.71916237 0.74179000
17278.51314839 0.74557000
17328.30713441 0.74764000
17378.10112043 0.74852000
17427.89510645 0.74927000
17477.68909247 0.74900000
17527.48307848 0.74895000
17577.27706450 0.74834000
17627.07105052 0.74759000
17676.86503654 0.74685000
17726.65902256 0.74607000
17776.45300858 0.74573000
17826.24699459 0.74504000
17876.04098061 0.74448000
17925.83496663 0.74371000
17975.62895265 0.74323000
18025.42293867 0.74336000
18075.21692469 0.74299000
18125.01091070 0.74344000
18174.80489672 0.74378000
18224.59888274 0.74421000
18274.39286876 0.74464000
18324.18685478 0.74509000
18373.98084080 0.74554000
18423.77482682 0.74597000
18473.56881283 0.74634000
18523.36279885 0.74674000
18573.15678487 0.74751000
18622.95077089 0.74786000
18672.74475691 0.74855000
18722.53874293 0.74884000
18772.33272894 0.74906000
18822.12671496 0.74884000
18871.92070098 0.74892000
18921.71468700 0.74892000
18971.50867302 0.74874000
19021.30265904 0.74882000
19071.09664505 0.74842000
19120.89063107 0.74788000
19170.68461709 0.74751000
19220.47860311 0.74647000
19270.27258913 0.74533000
19320.06657515 0.74333000
19369.86056117 0.74064000
19419.65454718 0.73548000
19469.44853320 0.72742000
19519.24251922 0.71485000
19569.03650524 0.69670000
19618.83049126 0.67237000
19668.62447728 0.64006000
19718.41846329 0.59968000
19768.21244931 0.55137000
19818.00643533 0.49614000
19867.80042135 0.43575000
19917.59440737 0.37280000
19967.38839339 0.30969000
20017.18237940 0.24940000
20066.97636542 0.19441000
20116.77035144 0.14642000
20166.56433746 0.10641000
20216.35832348 0.07455000
20266.15230950 0.05031000
20315.94629552 0.03266000
20365.74028153 0.02036000
20415.53426755 0.01222000
20465.32825357 0.00703000
20515.12223959 0.00389000
20564.91622561 0.00205000
20614.71021163 0.00104000
20664.50419764 0.00051000
20714.29818366 0.00024000
20764.09216968 0.00011000
20813.88615570 0.00005000
20863.68014172 0.00003000
