# wave trans
16057.37022066 0.00003000
16107.39318085 0.00008000
16157.41614104 0.00021000
16207.43910123 0.00051000
16257.46206142 0.00120000
16307.48502161 0.00264000
16357.50798180 0.00546000
16407.53094199 0.01073000
16457.55390217 0.01986000
16507.57686236 0.03471000
16557.59982255 0.05744000
16607.62278274 0.08999000
16657.64574293 0.13378000
16707.66870312 0.18898000
16757.69166331 0.25414000
16807.71462350 0.32638000
16857.73758369 0.40170000
16907.76054388 0.47501000
16957.78350406 0.54205000
17007.80646425 0.60000000
17057.82942444 0.64679000
17107.85238463 0.68230000
17157.87534482 0.70751000
17207.89830501 0.72475000
17257.92126520 0.73543000
17307.94422539 0.74179000
17357.96718558 0.74557000
17407.99014576 0.74764000
17458.01310595 0.74852000
17508.03606614 0.74927000
17558.05902633 0.74900000
17608.08198652 0.74895000
17658.10494671 0.74834000
17708.12790690 0.74759000
17758.15086709 0.74685000
17808.17382728 0.74607000
17858.19678747 0.74573000
17908.21974765 0.74504000
17958.24270784 0.74448000
18008.26566803 0.74371000
18058.28862822 0.74323000
18108.31158841 0.74336000
18158.33454860 0.74299000
18208.35750879 0.74344000
18258.38046898 0.74378000
18308.40342917 0.74421000
18358.42638936 0.74464000
18408.44934954 0.74509000
18458.47230973 0.74554000
18508.49526992 0.74597000
18558.51823011 0.74634000
18608.54119030 0.74674000
18658.56415049 0.74751000
18708.58711068 0.74786000
18758.61007087 0.74855000
18808.63303106 0.74884000
18858.65599125 0.74906000
18908.67895143 0.74884000
18958.70191162 0.74892000
19008.72487181 0.74892000
19058.74783200 0.74874000
19108.77079219 0.74882000
19158.79375238 0.74842000
19208.81671257 0.74788000
19258.83967276 0.74751000
19308.86263295 0.74647000
19358.88559314 0.74533000
19408.90855332 0.74333000
19458.93151351 0.74064000
19508.95447370 0.73548000
19558.97743389 0.72742000
19609.00039408 0.71485000
19659.02335427 0.69670000
19709.04631446 0.67237000
19759.06927465 0.64006000
19809.09223484 0.59968000
19859.11519502 0.55137000
19909.13815521 0.49614000
19959.16111540 0.43575000
20009.18407559 0.37280000
20059.20703578 0.30969000
20109.22999597 0.24940000
20159.25295616 0.19441000
20209.27591635 0.14642000
20259.29887654 0.10641000
20309.32183673 0.07455000
20359.34479691 0.05031000
20409.36775710 0.03266000
20459.39071729 0.02036000
20509.41367748 0.01222000
20559.43663767 0.00703000
20609.45959786 0.00389000
20659.48255805 0.00205000
20709.50551824 0.00104000
20759.52847843 0.00051000
20809.55143862 0.00024000
20859.57439880 0.00011000
20909.59735899 0.00005000
20959.62031918 0.00003000
