# wave trans
15974.88450346 0.00003000
16024.65049879 0.00008000
16074.41649413 0.00021000
16124.18248947 0.00051000
16173.94848481 0.00120000
16223.71448014 0.00264000
16273.48047548 0.00546000
16323.24647082 0.01073000
16373.01246616 0.01986000
16422.77846150 0.03471000
16472.54445683 0.05744000
16522.31045217 0.08999000
16572.07644751 0.13378000
16621.84244285 0.18898000
16671.60843819 0.25414000
16721.37443352 0.32638000
16771.14042886 0.40170000
16820.90642420 0.47501000
16870.67241954 0.54205000
16920.43841487 0.60000000
16970.20441021 0.64679000
17019.97040555 0.68230000
17069.73640089 0.70751000
17119.50239623 0.72475000
17169.26839156 0.73543000
17219.03438690 0.74179000
17268.80038224 0.74557000
17318.56637758 0.74764000
17368.33237292 0.74852000
17418.09836825 0.74927000
17467.86436359 0.74900000
17517.63035893 0.74895000
17567.39635427 0.74834000
17617.16234960 0.74759000
17666.92834494 0.74685000
17716.69434028 0.74607000
17766.46033562 0.74573000
17816.22633096 0.74504000
17865.99232629 0.74448000
17915.75832163 0.74371000
17965.52431697 0.74323000
18015.29031231 0.74336000
18065.05630765 0.74299000
18114.82230298 0.74344000
18164.58829832 0.74378000
18214.35429366 0.74421000
18264.12028900 0.74464000
18313.88628434 0.74509000
18363.65227967 0.74554000
18413.41827501 0.74597000
18463.18427035 0.74634000
18512.95026569 0.74674000
18562.71626102 0.74751000
18612.48225636 0.74786000
18662.24825170 0.74855000
18712.01424704 0.74884000
18761.78024238 0.74906000
18811.54623771 0.74884000
18861.31223305 0.74892000
18911.07822839 0.74892000
18960.84422373 0.74874000
19010.61021907 0.74882000
19060.37621440 0.74842000
19110.14220974 0.74788000
19159.90820508 0.74751000
19209.67420042 0.74647000
19259.44019575 0.74533000
19309.20619109 0.74333000
19358.97218643 0.74064000
19408.73818177 0.73548000
19458.50417711 0.72742000
19508.27017244 0.71485000
19558.03616778 0.69670000
19607.80216312 0.67237000
19657.56815846 0.64006000
19707.33415380 0.59968000
19757.10014913 0.55137000
19806.86614447 0.49614000
19856.63213981 0.43575000
19906.39813515 0.37280000
19956.16413048 0.30969000
20005.93012582 0.24940000
20055.69612116 0.19441000
20105.46211650 0.14642000
20155.22811184 0.10641000
20204.99410717 0.07455000
20254.76010251 0.05031000
20304.52609785 0.03266000
20354.29209319 0.02036000
20404.05808853 0.01222000
20453.82408386 0.00703000
20503.59007920 0.00389000
20553.35607454 0.00205000
20603.12206988 0.00104000
20652.88806521 0.00051000
20702.65406055 0.00024000
20752.42005589 0.00011000
20802.18605123 0.00005000
20851.95204657 0.00003000
