# wave trans
16056.48275741 0.00003000
16106.50295292 0.00008000
16156.52314843 0.00021000
16206.54334393 0.00051000
16256.56353944 0.00120000
16306.58373494 0.00264000
16356.60393045 0.00546000
16406.62412596 0.01073000
16456.64432146 0.01986000
16506.66451697 0.03471000
16556.68471247 0.05744000
16606.70490798 0.08999000
16656.72510349 0.13378000
16706.74529899 0.18898000
16756.76549450 0.25414000
16806.78569000 0.32638000
16856.80588551 0.40170000
16906.82608102 0.47501000
16956.84627652 0.54205000
17006.86647203 0.60000000
17056.88666753 0.64679000
17106.90686304 0.68230000
17156.92705855 0.70751000
17206.94725405 0.72475000
17256.96744956 0.73543000
17306.98764506 0.74179000
17357.00784057 0.74557000
17407.02803608 0.74764000
17457.04823158 0.74852000
17507.06842709 0.74927000
17557.08862259 0.74900000
17607.10881810 0.74895000
17657.12901360 0.74834000
17707.14920911 0.74759000
17757.16940462 0.74685000
17807.18960012 0.74607000
17857.20979563 0.74573000
17907.22999113 0.74504000
17957.25018664 0.74448000
18007.27038215 0.74371000
18057.29057765 0.74323000
18107.31077316 0.74336000
18157.33096866 0.74299000
18207.35116417 0.74344000
18257.37135968 0.74378000
18307.39155518 0.74421000
18357.41175069 0.74464000
18407.43194619 0.74509000
18457.45214170 0.74554000
18507.47233721 0.74597000
18557.49253271 0.74634000
18607.51272822 0.74674000
18657.53292372 0.74751000
18707.55311923 0.74786000
18757.57331474 0.74855000
18807.59351024 0.74884000
18857.61370575 0.74906000
18907.63390125 0.74884000
18957.65409676 0.74892000
19007.67429227 0.74892000
19057.69448777 0.74874000
19107.71468328 0.74882000
19157.73487878 0.74842000
19207.75507429 0.74788000
19257.77526980 0.74751000
19307.79546530 0.74647000
19357.81566081 0.74533000
19407.83585631 0.74333000
19457.85605182 0.74064000
19507.87624733 0.73548000
19557.89644283 0.72742000
19607.91663834 0.71485000
19657.93683384 0.69670000
19707.95702935 0.67237000
19757.97722486 0.64006000
19807.99742036 0.59968000
19858.01761587 0.55137000
19908.03781137 0.49614000
19958.05800688 0.43575000
20008.07820239 0.37280000
20058.09839789 0.30969000
20108.11859340 0.24940000
20158.13878890 0.19441000
20208.15898441 0.14642000
20258.17917991 0.10641000
20308.19937542 0.07455000
20358.21957093 0.05031000
20408.23976643 0.03266000
20458.25996194 0.02036000
20508.28015744 0.01222000
20558.30035295 0.00703000
20608.32054846 0.00389000
20658.34074396 0.00205000
20708.36093947 0.00104000
20758.38113497 0.00051000
20808.40133048 0.00024000
20858.42152599 0.00011000
20908.44172149 0.00005000
20958.46191700 0.00003000
