# wave trans
16028.42241366 0.00003000
16078.35519377 0.00008000
16128.28797387 0.00021000
16178.22075398 0.00051000
16228.15353408 0.00120000
16278.08631419 0.00264000
16328.01909429 0.00546000
16377.95187440 0.01073000
16427.88465450 0.01986000
16477.81743461 0.03471000
16527.75021471 0.05744000
16577.68299482 0.08999000
16627.61577492 0.13378000
16677.54855503 0.18898000
16727.48133513 0.25414000
16777.41411524 0.32638000
16827.34689534 0.40170000
16877.27967545 0.47501000
16927.21245555 0.54205000
16977.14523566 0.60000000
17027.07801576 0.64679000
17077.01079587 0.68230000
17126.94357597 0.70751000
17176.87635608 0.72475000
17226.80913618 0.73543000
17276.74191629 0.74179000
17326.67469639 0.74557000
17376.60747649 0.74764000
17426.54025660 0.74852000
17476.47303670 0.74927000
17526.40581681 0.74900000
17576.33859691 0.74895000
17626.27137702 0.74834000
17676.20415712 0.74759000
17726.13693723 0.74685000
17776.06971733 0.74607000
17826.00249744 0.74573000
17875.93527754 0.74504000
17925.86805765 0.74448000
17975.80083775 0.74371000
18025.73361786 0.74323000
18075.66639796 0.74336000
18125.59917807 0.74299000
18175.53195817 0.74344000
18225.46473828 0.74378000
18275.39751838 0.74421000
18325.33029849 0.74464000
18375.26307859 0.74509000
18425.19585870 0.74554000
18475.12863880 0.74597000
18525.06141891 0.74634000
18574.99419901 0.74674000
18624.92697912 0.74751000
18674.85975922 0.74786000
18724.79253933 0.74855000
18774.72531943 0.74884000
18824.65809954 0.74906000
18874.59087964 0.74884000
18924.52365975 0.74892000
18974.45643985 0.74892000
19024.38921996 0.74874000
19074.32200006 0.74882000
19124.25478017 0.74842000
19174.18756027 0.74788000
19224.12034037 0.74751000
19274.05312048 0.74647000
19323.98590058 0.74533000
19373.91868069 0.74333000
19423.85146079 0.74064000
19473.78424090 0.73548000
19523.71702100 0.72742000
19573.64980111 0.71485000
19623.58258121 0.69670000
19673.51536132 0.67237000
19723.44814142 0.64006000
19773.38092153 0.59968000
19823.31370163 0.55137000
19873.24648174 0.49614000
19923.17926184 0.43575000
19973.11204195 0.37280000
20023.04482205 0.30969000
20072.97760216 0.24940000
20122.91038226 0.19441000
20172.84316237 0.14642000
20222.77594247 0.10641000
20272.70872258 0.07455000
20322.64150268 0.05031000
20372.57428279 0.03266000
20422.50706289 0.02036000
20472.43984300 0.01222000
20522.37262310 0.00703000
20572.30540321 0.00389000
20622.23818331 0.00205000
20672.17096342 0.00104000
20722.10374352 0.00051000
20772.03652363 0.00024000
20821.96930373 0.00011000
20871.90208384 0.00005000
20921.83486394 0.00003000
