# wave trans
16032.34040229 0.00003000
16082.28538796 0.00008000
16132.23037364 0.00021000
16182.17535932 0.00051000
16232.12034499 0.00120000
16282.06533067 0.00264000
16332.01031635 0.00546000
16381.95530203 0.01073000
16431.90028770 0.01986000
16481.84527338 0.03471000
16531.79025906 0.05744000
16581.73524473 0.08999000
16631.68023041 0.13378000
16681.62521609 0.18898000
16731.57020176 0.25414000
16781.51518744 0.32638000
16831.46017312 0.40170000
16881.40515879 0.47501000
16931.35014447 0.54205000
16981.29513015 0.60000000
17031.24011582 0.64679000
17081.18510150 0.68230000
17131.13008718 0.70751000
17181.07507286 0.72475000
17231.02005853 0.73543000
17280.96504421 0.74179000
17330.91002989 0.74557000
17380.85501556 0.74764000
17430.80000124 0.74852000
17480.74498692 0.74927000
17530.68997259 0.74900000
17580.63495827 0.74895000
17630.57994395 0.74834000
17680.52492962 0.74759000
17730.46991530 0.74685000
17780.41490098 0.74607000
17830.35988666 0.74573000
17880.30487233 0.74504000
17930.24985801 0.74448000
17980.19484369 0.74371000
18030.13982936 0.74323000
18080.08481504 0.74336000
18130.02980072 0.74299000
18179.97478639 0.74344000
18229.91977207 0.74378000
18279.86475775 0.74421000
18329.80974342 0.74464000
18379.75472910 0.74509000
18429.69971478 0.74554000
18479.64470046 0.74597000
18529.58968613 0.74634000
18579.53467181 0.74674000
18629.47965749 0.74751000
18679.42464316 0.74786000
18729.36962884 0.74855000
18779.31461452 0.74884000
18829.25960019 0.74906000
18879.20458587 0.74884000
18929.14957155 0.74892000
18979.09455722 0.74892000
19029.03954290 0.74874000
19078.98452858 0.74882000
19128.92951425 0.74842000
19178.87449993 0.74788000
19228.81948561 0.74751000
19278.76447129 0.74647000
19328.70945696 0.74533000
19378.65444264 0.74333000
19428.59942832 0.74064000
19478.54441399 0.73548000
19528.48939967 0.72742000
19578.43438535 0.71485000
19628.37937102 0.69670000
19678.32435670 0.67237000
19728.26934238 0.64006000
19778.21432805 0.59968000
19828.15931373 0.55137000
19878.10429941 0.49614000
19928.04928509 0.43575000
19977.99427076 0.37280000
20027.93925644 0.30969000
20077.88424212 0.24940000
20127.82922779 0.19441000
20177.77421347 0.14642000
20227.71919915 0.10641000
20277.66418482 0.07455000
20327.60917050 0.05031000
20377.55415618 0.03266000
20427.49914185 0.02036000
20477.44412753 0.01222000
20527.38911321 0.00703000
20577.33409889 0.00389000
20627.27908456 0.00205000
20677.22407024 0.00104000
20727.16905592 0.00051000
20777.11404159 0.00024000
20827.05902727 0.00011000
20877.00401295 0.00005000
20926.94899862 0.00003000
