# wave trans
16034.40750979 0.00003000
16084.35893505 0.00008000
16134.31036032 0.00021000
16184.26178558 0.00051000
16234.21321085 0.00120000
16284.16463611 0.00264000
16334.11606137 0.00546000
16384.06748664 0.01073000
16434.01891190 0.01986000
16483.97033717 0.03471000
16533.92176243 0.05744000
16583.87318769 0.08999000
16633.82461296 0.13378000
16683.77603822 0.18898000
16733.72746349 0.25414000
16783.67888875 0.32638000
16833.63031401 0.40170000
16883.58173928 0.47501000
16933.53316454 0.54205000
16983.48458981 0.60000000
17033.43601507 0.64679000
17083.38744034 0.68230000
17133.33886560 0.70751000
17183.29029086 0.72475000
17233.24171613 0.73543000
17283.19314139 0.74179000
17333.14456666 0.74557000
17383.09599192 0.74764000
17433.04741718 0.74852000
17482.99884245 0.74927000
17532.95026771 0.74900000
17582.90169298 0.74895000
17632.85311824 0.74834000
17682.80454351 0.74759000
17732.75596877 0.74685000
17782.70739403 0.74607000
17832.65881930 0.74573000
17882.61024456 0.74504000
17932.56166983 0.74448000
17982.51309509 0.74371000
18032.46452035 0.74323000
18082.41594562 0.74336000
18132.36737088 0.74299000
18182.31879615 0.74344000
18232.27022141 0.74378000
18282.22164668 0.74421000
18332.17307194 0.74464000
18382.12449720 0.74509000
18432.07592247 0.74554000
18482.02734773 0.74597000
18531.97877300 0.74634000
18581.93019826 0.74674000
18631.88162352 0.74751000
18681.83304879 0.74786000
18731.78447405 0.74855000
18781.73589932 0.74884000
18831.68732458 0.74906000
18881.63874984 0.74884000
18931.59017511 0.74892000
18981.54160037 0.74892000
19031.49302564 0.74874000
19081.44445090 0.74882000
19131.39587617 0.74842000
19181.34730143 0.74788000
19231.29872669 0.74751000
19281.25015196 0.74647000
19331.20157722 0.74533000
19381.15300249 0.74333000
19431.10442775 0.74064000
19481.05585301 0.73548000
19531.00727828 0.72742000
19580.95870354 0.71485000
19630.91012881 0.69670000
19680.86155407 0.67237000
19730.81297934 0.64006000
19780.76440460 0.59968000
19830.71582986 0.55137000
19880.66725513 0.49614000
19930.61868039 0.43575000
19980.57010566 0.37280000
20030.52153092 0.30969000
20080.47295618 0.24940000
20130.42438145 0.19441000
20180.37580671 0.14642000
20230.32723198 0.10641000
20280.27865724 0.07455000
20330.23008250 0.05031000
20380.18150777 0.03266000
20430.13293303 0.02036000
20480.08435830 0.01222000
20530.03578356 0.00703000
20579.98720883 0.00389000
20629.93863409 0.00205000
20679.89005935 0.00104000
20729.84148462 0.00051000
20779.79290988 0.00024000
20829.74433515 0.00011000
20879.69576041 0.00005000
20929.64718567 0.00003000
